10717898
11467905
12191458
12495527
12634489
16180622
16938092
17062771
17459179
17471288
18085868
18281886
18345992
18606038
19171889
19624389
19995843
20112261
20141309
20726753
20950283
21315749
21464361
21516545
21666130
22369232
22617632
22880630
23074972
23118193
23317795
23318128
23364872
23473554
23960247
24589068
24661162
25046244
25204866
25357006
25486718
25945779
26168376
26679192
26936075
27200505
27362389
27447790
27455992
27570951
27819447
28177183
28347360
28644924
28701109
28905640
28925716
28975416
28981646
28992395
29019036
29154589
29294627
29934780
30058519
30095582
30739618
30744720
30813750
30897955
31073964
31076864
31441517
31591898
31728624
31888419
