10198130
10210906
10212312
10349294
10360128
10366198
10381605
10436110
10591898
10643714
10683845
10698045
10718556
10731771
10761350
10781101
10852235
10852783
10859011
10900023
10980034
11019789
11035346
11072429
11095140
11125751
11162266
11170218
11177419
11198706
11222790
11257931
11276368
11333370
11340225
11467916
11488898
11506651
11506652
11509643
11529246
11532605
11554884
11558800
11580771
11581007
11692039
11696470
11711732
11733723
11733725
11771974
11823267
11831069
11848715
11848716
11869426
11884358
11888834
11891835
11912121
11929808
11931287
11954059
11960807
11969318
11970781
11970783
12025949
12030821
12030830
12110968
12112176
12112408
12112769
12150744
12187466
12203685
12209961
12218703
12220382
12240737
12244083
12388609
12414294
12445882
12451150
12452585
12460253
12522764
12535005
12562581
12566291
12574477
12657667
12715032
12729492
12734319
12764053
12774302
12805122
12814379
12828859
12832254
12873997
12943324
12944506
12949791
12958082
1314112
1436456
14506172
14511532
14514445
14574492
14583423
14621031
14654860
14684393
14754781
14755597
14755834
14971633
15022664
15025044
15025052
15054073
15106844
15122718
15133471
15133815
15200705
15242941
15251915
15283738
15298782
15326083
15337656
15340932
15354391
15358979
15388899
15453978
15459079
15465994
15479679
15502603
15505969
15506872
15522244
15544421
15546813
15616172
15627590
15638298
15660647
15677609
15701837
15709808
15716518
15722206
15774439
15788269
15788514
15815583
15826258
15826978
15843422
15852470
15858420
15879018
15884020
15884631
15914612
15930054
15947061
15961982
15973145
15978017
15987275
15997600
16004619
16019380
16033888
16043895
16047521
16102231
16107368
16124082
16135618
16145126
16180210
16180624
16199829
16211531
16225562
16237304
16269113
16284969
16323251
16339793
16341578
16342284
16352689
16364058
16417680
16434417
16463648
16506272
16510720
16525049
16541457
16542513
16571767
16674764
16712583
16736484
16741206
16757978
16768362
16775126
16775140
16775278
16782717
16800842
16816233
16822972
16834705
16876434
16923324
16966586
16966587
16989552
17007235
17023697
17028117
17028118
17080438
17105986
17119543
17133402
17164821
17182580
17185003
1719135
17201996
17202544
17214564
17215532
17244179
17258912
17274022
17301186
17321554
1733962
17350291
17381255
17390315
17409238
17428266
17437282
17443493
17464690
17473851
17478104
17499525
17520437
17526022
17536966
17538951
17541057
17558500
17559542
17600520
17635590
17652463
17665284
17677503
17714373
17714375
17715350
17717602
17729011
17855604
17873103
17877297
17886002
17896791
1789694
17938576
17971791
17973781
17984853
17989279
18003752
18004945
18052782
18057117
18067174
18070217
18077531
18077536
18085554
18166822
18178777
18184777
18211230
18216206
18219225
18236036
18302723
18303978
18327832
18334583
18337401
18345985
18370596
18413706
18416674
18422547
18447716
18448644
18448745
18460045
18466411
18483267
18495880
18509047
18511955
18514679
18515278
18539249
18540914
18559614
18560059
18588603
18592043
18632543
18632890
18633772
18635705
18638181
18650764
18702717
18708149
18723901
18757332
18759938
18787658
18796186
18797315
18815263
18819025
18848443
18956406
19010858
19034772
19046396
19047468
19068486
19074013
19074015
19082309
19091969
19092784
19118170
19159693
19175815
19190727
2296583
2307846
2498324
2552484
2811890
2835381
3165977
3191676
3192303
7507044
7561924
7624828
7629253
7709421
7711879
7738839
7776650
7931375
8145170
8202966
8248994
8265632
8266361
8307831
8341413
8437023
8579768
8586103
8595478
8643754
8719784
8822570
8929177
8937850
8943061
9009991
9046073
9065319
9160341
9161704
9169538
9193168
9230639
9238495
9261341
9269644
9273862
9278624
9313640
9330181
9372556
9382475
9396944
9448244
9499065
9510128
9532428
9542894
9547077
9547755
9549600
9556245
9575420
9628425
9673671
9703166
9712014
9714383
9741789
9753190
9762962
9778192
9794011
9856538
9884490
