11707642
12122034
12498754
14506401
23838052
26021304
30154290
7771636
11263683
11779280
14662551
15456932
15546698
15982446
15997015
16500088
16782178
17033628
17077132
17097276
17341445
17443018
17976957
18055927
18187528
18289882
18402938
18662866
18691766
1877728
18940597
19032963
19285558
19463699
1953418
19619664
19643925
19653814
19860794
19884612
19891807
19926237
19961866
20045399
20621162
20647266
20814988
20816768
20863671
20875635
2088347
20951979
21035788
2106374
21310189
21410483
21451018
21557880
21576912
21646569
21652031
21704711
21799209
21827861
21919920
22070867
22076840
22079653
22115001
22150750
22178355
22212839
22218286
22277302
22360590
22566562
22581200
22693145
22746999
22804969
22850347
22907274
23102121
23149031
23240997
23265637
23328472
23364872
23442156
23480966
23541231
23642578
23851400
24048857
24246274
24442602
24449748
24513182
24549970
24612094
24656768
24670291
24700453
24892191
24920451
24961871
25039251
25172180
25208190
25260201
25451322
25514517
25595574
25600549
25637267
25651064
25666756
25672482
25698637
25769320
25814469
25865908
25901203
25952288
26003854
26066588
26088967
26210335
26228524
26249265
26252988
26264353
26308966
26311395
26343988
26363777
26381449
26399236
26404018
26530221
26712857
26792587
26853805
26897585
26971049
27016386
27053210
27095357
27423425
27452238
27552532
27669406
27687470
27738991
27739397
27808568
27829310
27830632
27856361
27869301
27875803
27883214
27917536
27989645
27998326
28106934
28131932
28193454
28320224
28334915
28433420
28442353
28602816
28656347
28735700
28764867
28918267
28960637
29057579
29105114
29113872
29251844
29254657
29340793
29440536
29482671
29516092
29558674
29624440
29696595
29704001
29734953
29883011
30058761
30204241
30276811
30300802
30379118
30448109
30468786
30558823
30589303
30605431
30611726
30691673
30785022
30816616
30980125
31028692
31101397
31217828
31249310
31254799
31365137
31481166
31523140
3736773
7980966
8329491
9153520
9542891
