21098967
10215087
11133312
11562505
11595100
11906224
11906703
12040063
12655327
12764119
12948701
15014103
15130588
15327927
15483614
15486494
15588617
15689962
15772354
15795134
15888656
16014866
16033924
16092133
16129404
16180619
16216687
16321546
16339029
16356327
16487726
16504951
16527453
16574168
16682235
16731515
16778890
16839292
16841074
16899731
16959497
16971537
16973382
17007234
17016713
17059812
17073981
17118409
17227855
17274020
17412720
17558276
17586603
17632014
17698371
17710118
17719566
17949691
18032662
18045902
18088284
18206189
18320179
18458210
18479820
18524902
18582578
18595740
18621033
18710652
18728197
18787233
18804540
18823238
18830241
18832559
18842669
18992072
18992789
19026496
19026710
19048446
19176813
19176832
19184997
19228976
19306854
19321766
19349244
19420264
19442744
19447098
19457397
19477159
19515916
19552302
19552309
19587274
19679384
19709644
19726660
19741594
19770058
19781652
19783412
19812332
19864559
19897796
20016088
20032238
20032247
20045470
20152908
20188198
20302946
20304035
20391186
20472072
20505110
20510371
20510862
20600178
20615471
20617884
20805539
20805540
20807055
20810685
20933020
20980586
20980595
21040288
21106817
21118983
21123578
21126586
21229615
21254801
21272861
21281720
21325535
21334351
21354189
21357881
21419229
21425243
21451019
21498405
21546221
21554966
21596771
21596772
21609968
21616154
21621145
21664279
21671045
21766170
21831362
21849612
21864197
21896760
21933719
21982930
21992873
21995446
22037936
22101380
22197790
22238090
22245014
22250647
22267184
22293039
22309791
22310505
22325209
22339229
22387471
22396408
22419392
22447729
22461182
22486330
22487032
22552189
22553018
22563008
22593062
22593069
22632812
22707378
22746951
22747189
22771785
22855817
22922368
22958830
22959813
23021534
23022992
23033853
23051938
23142276
23148798
23158778
23163412
23245222
23313780
23318087
23355606
23365248
23392532
23428623
23467364
23548839
23644912
23666554
23705655
23707590
23723089
23746630
23773952
23800488
23849203
23866315
23872156
23897123
23925710
23966584
23973408
24005284
24033715
24097059
24107959
24139048
24142534
24259585
24317375
24325976
24337077
24355752
24361661
24473098
24523519
24523561
24550270
24607394
24639493
24648217
24708369
24754451
24781521
24831391
24839083
24850532
24857827
24862076
24862388
24867804
24936680
24960048
24993186
25060095
25067816
25092308
25100220
25142296
25158242
25205006
25218095
25258246
25277841
25280778
25281799
25313658
25319564
25411489
25446969
25459409
25467302
25481622
25546072
25562821
25578366
25582407
25595129
25614974
25622039
25632152
25670029
25698745
25736619
25769397
25781641
25840742
25879953
25923684
26045346
26049083
26057359
26063914
26071624
26093237
26095426
26119471
26123297
26203143
26245498
26287509
26291663
26350626
26359751
26373895
26395812
26446224
26453582
26471712
26483212
26564532
26633264
26656573
26690805
26694702
26780575
26786151
26806862
26818937
26826511
26858433
26867073
26884545
26928344
27001826
27004598
27004729
27058280
27083529
27092470
27095712
27102420
27105903
27114179
27153979
27162349
27170137
27177981
27243614
27261161
27263508
27277797
27301429
27318214
27343698
27345167
27355435
27401337
27406084
27416610
27466328
27477623
27591399
27620345
27623361
27639352
27649775
27687019
27707969
27710793
27767240
27771973
27816780
27917451
27927964
27975159
27986636
27989774
28057723
28065182
28126429
28129057
28131862
28131889
28182902
28182906
28250149
28263416
28264981
28279917
28387975
28403383
28429160
28439014
28531252
28536046
28587695
28603901
28606805
28626019
28641131
28645841
28660667
28660701
28673442
28676252
28682013
28694338
28847492
28882633
28968851
29025688
29044872
29078084
29162176
29164280
29282834
29299641
29314426
29378862
29383709
29408323
29408524
29437930
29439166
29439750
29460363
29471098
29486865
29590478
29681519
29684133
29698695
29712780
29789576
29800729
29909176
29940284
29995608
30028645
30066136
30142396
30143866
30229711
30242054
30276616
30296559
30297162
30347281
30361926
30390065
30523066
30559151
30579902
30634107
30798012
30809804
30870798
30883287
30889545
30897449
