11756013
16180622
16249100
17010993
17069484
19338509
19398537
20141305
21669291
22056201
22115148
23074972
23398586
23551078
23689018
23765157
23988760
24052803
24658081
24713451
25156399
25193002
25533974
26010458
26168376
26299299
26332700
26365712
26692636
26945530
26989966
27086251
27177109
27288319
27351671
27524285
27819447
27894828
27997290
28045309
28126372
28579400
28589968
28866781
28888770
28899785
28901577
28916500
29154589
29380360
29529407
29734226
30071419
30125247
30253000
30321093
30502352
30570314
31250445
31278951
31292066
31394491
31464495
