20041475
15780849
17010993
17467008
18452757
18544183
18587392
19047074
19429172
19486944
19766164
19945471
20123913
20141305
20537612
20667170
21296865
21447417
21557888
21646526
21782901
21867991
22056201
22517323
22592057
22781311
22910460
23020994
23046115
23046830
23146247
23270876
23473935
23516294
23552182
23590840
23644585
23790741
23945981
24019460
24064198
24119861
24145410
24241476
24270731
24290886
24623788
24853295
25038629
25062841
25156399
25193002
25280904
25359589
25413183
25485181
25533974
26011391
26027740
26073417
26111649
26166623
26435254
26481674
26639452
26784537
26804333
26846195
26899786
26908926
27033686
27177109
27177299
27318594
27379614
27444935
27524285
27534862
27814960
27838143
27870505
28052779
28126372
28148724
28235692
28388995
28412558
28483719
28589968
28715908
28755988
28913886
28960669
29145910
29162186
29174743
29226482
29339309
29368421
29524918
29569801
29602255
29622050
29689500
29909301
30008118
30062613
30071419
30145507
30193355
30291441
30306886
30617213
30699438
30802854
30952600
30979647
31060042
31146576
31254647
31303261
31394491
31464495
31557545
31679906
