11399378
11756013
15325412
15854790
16125458
16186026
16249100
16388969
16798016
16806986
16996751
17900903
18180761
18280091
18661507
19142768
19338509
19545612
19589501
19596037
19755202
19758762
19783103
19959343
20007241
20045475
20121862
20122699
20127871
20390600
20677866
20869847
20923694
21071182
21073970
21134897
21138751
21145535
21287156
21353194
21354262
21510979
21546094
21669291
21704173
21752141
21897354
22015853
22147775
22172658
22217960
22422803
22617448
22659393
22858265
22867951
22901627
22902147
22945621
23070746
23313419
23319314
23398586
23473846
23510795
23615766
23624495
23747981
23768862
23921096
23946000
23968960
23988760
24039023
24052803
24096027
24163827
24361542
24365676
24388670
24514569
24526181
24532701
24713451
24796655
24976454
24976515
24976633
25062597
25091404
25241803
25457931
25462895
25482858
25747011
25748884
25750687
25827959
25829106
25868002
25869157
25878275
25971599
25979311
25983400
26001666
26010458
26028547
26078386
26160154
26231122
26315399
26336869
26346640
26384960
26409018
26485059
26523791
26535947
26589772
26711488
26755768
26773671
26821063
26880595
26945530
26996315
27001211
27037525
27075439
27086251
27109356
27129440
27155070
27188219
27288319
27317928
27377788
27526666
27552717
27713804
27716544
27725214
27742889
27770743
27822488
27836708
27870942
27894828
28049082
28057531
28086128
28104573
28161309
28188856
28234596
28236738
28262184
28264983
28285207
28294462
28315125
28319687
28371657
28415008
28476213
28506079
28579154
28579400
28613974
28688264
28803557
28837828
28843088
28858660
28888770
28916500
28938222
29079320
29129791
29130061
29309854
29309953
29358097
29378280
29380360
29413143
29414563
29454977
29524099
29555429
29607288
29614348
29627273
29723776
29734226
29781643
29803001
29807152
29935207
29954697
29969580
29981785
30005995
30056197
30116768
30119840
30119874
30125247
30207258
30237106
30243957
30268936
30274684
30359065
30391563
30530040
30628810
30704974
30711854
30898336
31022627
31129312
31278951
31292066
31400532
31465844
31476764
31491521
31509248
31627112
31769368
31877433
31926904
