15780849
15880108
16624961
17010993
17079679
17467008
18786365
18843096
19188539
19230621
19398537
19429172
19478067
19656642
19766164
19945471
20419567
20537612
21246665
21432689
21590316
21799066
21861676
21983057
22016480
22099606
22115148
22359374
22483075
22579718
22586252
22634856
22858151
22978709
23035965
23146247
23223803
23270876
23348009
23482626
23563850
23570916
23732841
23768841
23790741
23800487
23827769
23887820
24033579
24064198
24173657
24468022
24603024
24737710
24753211
24996397
25151338
25376429
25380765
25422962
25425031
25447334
25533974
25550068
25618212
25906795
25939653
26073417
26149610
26166623
26180190
26294367
26299297
26299299
26430731
26434802
26435254
26455808
26481674
26639452
26692636
26727534
26833918
26899786
27033686
27217106
27217113
27318594
27551094
27622993
27838143
28129555
28290265
28457805
28737296
28983519
29128142
29154365
29252164
29309499
29524918
29529407
29562053
29741803
29778804
29935441
29990584
30025312
30145207
30172004
30245249
30287300
30321093
30537564
30565822
30594682
30964611
31156078
31254647
31911320
32111579
