12716951
16039604
16186026
16249100
16798016
16806986
17683220
17895916
19101126
19426817
19545612
19596037
19758762
19959343
20019072
20045475
20123031
20569645
20869375
20934190
21071182
21073970
21510979
21546094
21609969
21669291
21934411
22015853
22027088
22156722
22189289
22210673
22313617
22519864
22659393
22842815
22905826
22956671
22980587
23347587
23765157
23921096
23959199
23975275
24038518
24135432
24336349
24388670
24532549
24565362
24594871
24603021
24713451
24745476
24796655
24938878
24976515
24976633
25006969
25044747
25111474
25128588
25132653
25329241
25394948
25422963
25457931
25462895
25482858
25630572
25704752
25790021
25858294
25869157
25959594
25964502
25979311
25979609
26001666
26028547
26112339
26124129
26205176
26231122
26332700
26365712
26409018
26523791
26541373
26595470
26711488
26769550
26821063
26922247
26945530
27122030
27129440
27155070
27217119
27261160
27377788
27392071
27445208
27647695
27716544
27756046
27770743
27894828
28049082
28135845
28161309
28205606
28285207
28541079
28579400
28583387
28688264
29129791
29309854
29309953
29358097
29378280
29462339
29496127
29618853
29627273
29667267
29688873
29723776
29803001
29803529
29969580
30119840
30243957
30253000
30266022
30384144
30394252
30502352
30530040
30711854
30780118
30848160
31054766
31056820
31088209
31278951
31400532
31455572
31465844
31627112
31702089
31891860
