17488204
11549754
12495527
12644355
15501593
16249098
18817740
19555702
19589502
19651401
19883494
19969089
20674090
21106812
21712804
21896496
21907809
21998031
22401827
23887812
24493837
25997918
27819447
28045309
31305099
33529742
20041475
12191458
15570506
15780849
15880108
16180622
16585452
16624961
17010993
17069484
17079679
17467008
18452757
18544183
18587392
18786365
18843096
18925717
19047074
19188539
19230621
19246323
19398537
19429172
19478067
19486944
19656642
19739909
19766164
19945471
20123913
20141305
20419567
20537612
20667170
20832448
21196949
21246665
21296865
21373973
21432689
21447417
21557888
21590316
21646526
21782901
21799066
21861676
21867991
21939610
21983057
22016480
22056201
22099606
22115148
22359374
22483075
22517323
22579718
22586252
22592057
22634856
22781311
22858151
22910460
22978709
23020994
23035965
23046115
23046830
23146247
23223803
23270876
23317795
23348009
23473935
23482626
23516294
23552182
23563850
23570916
23590840
23644585
23732841
23768841
23777332
23790741
23800487
23827769
23887820
23945981
24019460
24033579
24064198
24119861
24145410
24173657
24229474
24241476
24270731
24290886
24468022
24603024
24623788
24737710
24753211
24853295
24973815
24996397
25038629
25062841
25151338
25156399
25193002
25204866
25280904
25357006
25359589
25376429
25380765
25413183
25422962
25425031
25447334
25485181
25533974
25550068
25618212
25855888
25906795
25939653
25945779
26011391
26027740
26073417
26111649
26149610
26166623
26180190
26294367
26299297
26299299
26430731
26434802
26435254
26455808
26481674
26639452
26679192
26692636
26727534
26784537
26804333
26833918
26846195
26899786
26908926
26936075
26996601
27033686
27177109
27177299
27217106
27217113
27318594
27362389
27379614
27444935
27524285
27534862
27551094
27622993
27715496
27814960
27838143
27870505
27997290
28052779
28126372
28129555
28148724
28235692
28290265
28388995
28412558
28457805
28483719
28589968
28715908
28737296
28755988
28913886
28925716
28960669
28981646
28983519
29128142
29145910
29154365
29154589
29162186
29174743
29226482
29252164
29294627
29309499
29339309
29368421
29397562
29524918
29529407
29562053
29569801
29602255
29622050
29689500
29741803
29778804
29882728
29909301
29935441
29990584
30008118
30025312
30062613
30071419
30145207
30145507
30172004
30193355
30245249
30287300
30291441
30306886
30321093
30537564
30565822
30570314
30594682
30617213
30699438
30802854
30952600
30964611
30979647
31060042
31146576
31156078
31254647
31303261
31394491
31464495
31557545
31679906
31911320
32111579
10717898
11013373
11280935
11399378
11511909
11756013
11972095
12634489
12716951
14595651
14766646
15325412
15459077
15854790
15863793
15997014
16039604
16125458
16186026
16201122
16245070
16249100
16292168
16388969
16520004
16798016
16806986
16938092
16996751
17062771
17151993
17459179
17471288
17536969
17566201
17580660
17683220
17690869
17895916
17900903
18076530
18085868
18180761
18258310
18280091
18281886
18323752
18345992
18388734
18580874
18589506
18606038
18661507
18726967
19101126
19142768
19218873
19338509
19426817
19545612
19564769
19589501
19596037
19624389
19735480
19755202
19758762
19783103
19899828
19959343
19995843
20007241
20019072
20038441
20045475
20112261
20121862
20122699
20123031
20127871
20141309
20303069
20390600
20569645
20652311
20677866
20726753
20819990
20820793
20869375
20869847
20923694
20934190
20950283
21071182
21073970
21134897
21138751
21145535
21287156
21315749
21353194
21354262
21464361
21510979
21516545
21540080
21546094
21577214
21609969
21666130
21669291
21704173
21752141
21897354
21934411
21940093
22015853
22027088
22147775
22156722
22172658
22189289
22200654
22210673
22217960
22250442
22262538
22313617
22369232
22396079
22422803
22500698
22519864
22617448
22617632
22659393
22705168
22717469
22842815
22858265
22867951
22880630
22901627
22902147
22905826
22945621
22956671
22980587
23070746
23074972
23118193
23313419
23318128
23319314
23347587
23364872
23381548
23385487
23398586
23473554
23473846
23501053
23510795
23551078
23553468
23615766
23624495
23664945
23689018
23747981
23765157
23768862
23770414
23827226
23880959
23921096
23943190
23946000
23959199
23960247
23968960
23975275
23981357
23988760
24038518
24039023
24052803
24096027
24135432
24163827
24234836
24275797
24336349
24361542
24365676
24388670
24440597
24514569
24526181
24532549
24532701
24565362
24589068
24594871
24603021
24615897
24658081
24661162
24713451
24745476
24796655
24797333
24938878
24976454
24976515
24976633
25006969
25044747
25046244
25062597
25091404
25111474
25128588
25132653
25223844
25241803
25329241
25352166
25394948
25422963
25457931
25462895
25482858
25486718
25571419
25630572
25704752
25715271
25747011
25748884
25750687
25790021
25827959
25829106
25856740
25858294
25860658
25868002
25869157
25878275
25903500
25959039
25959594
25964502
25971599
25979311
25979609
25983400
26001666
26010458
26028547
26078386
26112339
26124129
26160154
26168376
26205176
26231122
26315399
26332700
26336869
26346640
26365712
26384960
26409018
26485059
26523791
26535947
26541373
26589772
26595470
26711488
26755768
26769550
26773671
26821063
26872344
26880595
26886102
26889898
26922247
26945530
26989966
26996315
27001211
27037525
27075439
27086251
27109356
27122030
27129440
27155070
27188219
27200505
27208859
27217119
27261160
27288319
27317928
27351671
27377788
27392071
27445208
27447790
27526666
27552717
27570951
27611586
27647695
27713804
27716544
27725214
27742889
27756046
27770743
27822488
27836708
27870942
27893013
27894828
27991185
28049082
28057531
28086128
28104573
28130745
28135845
28161309
28177183
28188856
28205606
28232170
28234596
28236738
28238701
28262184
28264983
28285207
28294462
28315125
28319687
28347360
28371657
28401835
28412510
28415008
28476213
28478685
28506079
28541079
28579154
28579400
28583387
28613974
28644924
28688264
28701109
28803557
28825953
28837828
28843088
28858660
28866781
28888770
28899785
28901577
28905640
28916500
28938222
28975416
28992395
29019036
29054435
29079320
29129791
29130061
29166323
29214483
29309854
29309953
29358097
29378280
29380360
29413143
29414563
29454977
29462339
29496127
29524099
29555429
29607288
29614348
29618853
29627273
29667267
29688873
29723776
29734226
29781643
29803001
29803529
29807152
29859220
29913130
29934780
29935207
29954697
29969580
29981785
30005995
30056197
30058519
30058761
30073554
30095582
30111185
30116768
30119840
30119874
30125247
30167865
30169711
30207258
30237106
30243957
30253000
30266022
30268936
30274684
30359065
30384144
30391563
30394252
30502352
30530040
30628810
30704974
30711854
30739618
30744720
30780118
30813750
30848160
30880661
30897955
30898336
31022627
31054766
31056820
31073964
31088209
31129312
31250445
31278951
31292066
31328716
31400532
31441517
31455572
31465844
31476764
31491521
31509248
31591898
31627112
31673773
31702089
31728624
31769368
31877433
31888419
31891860
31926904
