20041475
12191458
15570506
15780849
15880108
16180622
16585452
16624961
17010993
17069484
17079679
17467008
18452757
18544183
18587392
18786365
18843096
18925717
19047074
19188539
19230621
19246323
19398537
19429172
19478067
19486944
19656642
19739909
19766164
19945471
20123913
20141305
20419567
20537612
20667170
20832448
21196949
21246665
21296865
21373973
21432689
21447417
21557888
21590316
21646526
21782901
21799066
21861676
21867991
21939610
21983057
22016480
22056201
22099606
22115148
22359374
22483075
22517323
22579718
22586252
22592057
22634856
22781311
22858151
22910460
22978709
23020994
23035965
23046115
23046830
23146247
23223803
23270876
23317795
23348009
23473935
23482626
23516294
23552182
23563850
23570916
23590840
23644585
23732841
23768841
23777332
23790741
23800487
23827769
23887820
23945981
24019460
24033579
24064198
24119861
24145410
24173657
24229474
24241476
24270731
24290886
24468022
24603024
24623788
24737710
24753211
24853295
24973815
24996397
25038629
25062841
25151338
25156399
25193002
25204866
25280904
25357006
25359589
25376429
25380765
25413183
25422962
25425031
25447334
25485181
25533974
25550068
25618212
25855888
25906795
25939653
25945779
26011391
26027740
26073417
26111649
26149610
26166623
26180190
26294367
26299297
26299299
26430731
26434802
26435254
26455808
26481674
26639452
26679192
26692636
26727534
26784537
26804333
26833918
26846195
26899786
26908926
26936075
26996601
27033686
27177109
27177299
27217106
27217113
27318594
27362389
27379614
27444935
27524285
27534862
27551094
27622993
27715496
27814960
27838143
27870505
27997290
28052779
28126372
28129555
28148724
28235692
28290265
28388995
28412558
28457805
28483719
28589968
28715908
28737296
28755988
28913886
28925716
28960669
28981646
28983519
29128142
29145910
29154365
29154589
29162186
29174743
29226482
29252164
29294627
29309499
29339309
29368421
29397562
29524918
29529407
29562053
29569801
29602255
29622050
29689500
29741803
29778804
29882728
29909301
29935441
29990584
30008118
30025312
30062613
30071419
30145207
30145507
30172004
30193355
30245249
30287300
30291441
30306886
30321093
30537564
30565822
30570314
30594682
30617213
30699438
30802854
30952600
30964611
30979647
31060042
31146576
31156078
31254647
31303261
31394491
31464495
31557545
31679906
31911320
32111579
