17488204
11549754
21998031
20041475
18587392
19486944
21646526
24019460
24119861
24145410
25280904
26784537
26908926
28126372
28148724
28412558
29145910
30617213
30952600
31303261
31394491
19338509
19589501
20007241
20127871
21138751
21287156
21704173
21897354
22147775
22422803
22617448
23319314
23398586
23615766
23624495
23946000
24365676
24526181
25750687
25827959
25983400
26078386
26755768
26880595
27075439
27725214
27822488
28264983
28476213
28613974
29130061
29555429
29734226
29781643
30116768
