11399378
11756013
15325412
15854790
16125458
16186026
16249100
16292168
16388969
16520004
16798016
16806986
16996751
18258310
19545612
19596037
19755202
19758762
19959343
20038441
20045475
20122699
20303069
20869847
20923694
21071182
21073970
21145535
21315749
21354262
21510979
21540080
21546094
21669291
21940093
22015853
22172658
22200654
22217960
22500698
22659393
22705168
22717469
22867951
22901627
22902147
23473846
23501053
23510795
23664945
23689018
23747981
23768862
23770414
23827226
23921096
23968960
24096027
24361542
24440597
24658081
24713451
24796655
24797333
24976454
24976515
24976633
25457931
25462895
25482858
25715271
25829106
25868002
25869157
25979311
26001666
26028547
26160154
26231122
26336869
26409018
26523791
26711488
26821063
26872344
26945530
26996315
27086251
27109356
27129440
27155070
27188219
27208859
27377788
27526666
27552717
27716544
27770743
27894828
28049082
28057531
28086128
28161309
28188856
28232170
28236738
28238701
28285207
28319687
28412510
28579154
28579400
28688264
28858660
28899785
28916500
29054435
29079320
29129791
29309854
29309953
29358097
29378280
29414563
29454977
29627273
29723776
29807152
29859220
29913130
29935207
29954697
29969580
29981785
30005995
30119840
30119874
30237106
30243957
30530040
30704974
30711854
31022627
31129312
31278951
31400532
31465844
31877433
