12495527
12644355
15501593
16249098
18817740
19555702
19589502
19969089
20674090
21712804
21907809
25997918
27819447
28045309
31305099
33529742
12191458
15570506
15780849
15880108
16180622
16585452
17010993
17069484
17467008
18544183
18925717
19230621
19246323
19429172
19739909
19766164
19945471
20537612
20667170
20832448
21196949
21373973
21557888
21782901
21939610
21983057
22016480
22517323
22781311
22978709
23020994
23046115
23146247
23270876
23317795
23473935
23644585
23777332
23790741
24064198
24229474
24853295
24973815
25156399
25204866
25357006
25359589
25533974
25855888
25906795
25945779
26011391
26027740
26073417
26166623
26294367
26430731
26435254
26455808
26481674
26639452
26679192
26727534
26804333
26899786
26936075
26996601
27033686
27177109
27318594
27362389
27444935
27524285
27534862
27715496
27814960
27838143
27870505
27997290
28052779
28235692
28388995
28483719
28925716
28960669
28981646
29154589
29174743
29294627
29339309
29397562
29524918
29622050
29778804
29882728
30008118
30025312
30062613
30071419
30145207
30287300
30291441
30306886
30570314
30594682
30699438
30802854
31254647
31557545
31679906
31911320
32111579
10717898
11013373
11280935
11399378
11511909
11756013
11972095
12634489
14595651
14766646
15325412
15459077
15854790
15863793
15997014
16125458
16186026
16201122
16245070
16249100
16292168
16388969
16520004
16798016
16806986
16938092
16996751
17062771
17151993
17459179
17471288
17536969
17566201
17580660
17690869
17900903
18076530
18085868
18258310
18280091
18281886
18323752
18345992
18388734
18580874
18589506
18606038
18726967
19218873
19545612
19564769
19596037
19624389
19735480
19755202
19758762
19899828
19959343
19995843
20038441
20045475
20112261
20122699
20141309
20303069
20652311
20726753
20819990
20820793
20869847
20923694
20950283
21071182
21073970
21145535
21315749
21354262
21464361
21510979
21516545
21540080
21546094
21577214
21666130
21669291
21940093
22015853
22172658
22200654
22217960
22250442
22262538
22369232
22396079
22500698
22617632
22659393
22705168
22717469
22858265
22867951
22880630
22901627
22902147
23074972
23118193
23318128
23364872
23381548
23385487
23473554
23473846
23501053
23510795
23551078
23553468
23664945
23689018
23747981
23768862
23770414
23827226
23880959
23921096
23943190
23960247
23968960
23981357
24096027
24234836
24275797
24361542
24388670
24440597
24589068
24615897
24658081
24661162
24713451
24796655
24797333
24976454
24976515
24976633
25046244
25223844
25352166
25457931
25462895
25482858
25486718
25571419
25715271
25829106
25856740
25860658
25868002
25869157
25903500
25959039
25979311
26001666
26028547
26160154
26168376
26231122
26336869
26409018
26523791
26711488
26773671
26821063
26872344
26886102
26889898
26945530
26989966
26996315
27086251
27109356
27129440
27155070
27188219
27200505
27208859
27351671
27377788
27447790
27526666
27552717
27570951
27611586
27716544
27770743
27893013
27894828
27991185
28049082
28057531
28086128
28130745
28161309
28177183
28188856
28232170
28236738
28238701
28285207
28319687
28347360
28401835
28412510
28478685
28579154
28579400
28644924
28688264
28701109
28825953
28858660
28866781
28899785
28901577
28905640
28916500
28938222
28975416
28992395
29019036
29054435
29079320
29129791
29166323
29214483
29309854
29309953
29358097
29378280
29414563
29454977
29614348
29627273
29723776
29803001
29807152
29859220
29913130
29934780
29935207
29954697
29969580
29981785
30005995
30058519
30058761
30073554
30095582
30111185
30119840
30119874
30167865
30169711
30237106
30243957
30274684
30530040
30704974
30711854
30739618
30744720
30813750
30880661
30897955
31022627
31073964
31129312
31250445
31278951
31328716
31400532
31441517
31465844
31591898
31627112
31673773
31728624
31877433
31888419
