12191458
15570506
15780849
15880108
16180622
16585452
17010993
17069484
17467008
18544183
18925717
19230621
19246323
19429172
19739909
19766164
19945471
20537612
20667170
20832448
21196949
21373973
21557888
21782901
21939610
21983057
22016480
22517323
22781311
22978709
23020994
23046115
23146247
23270876
23317795
23473935
23644585
23777332
23790741
24064198
24229474
24853295
24973815
25156399
25204866
25357006
25359589
25533974
25855888
25906795
25945779
26011391
26027740
26073417
26166623
26294367
26430731
26435254
26455808
26481674
26639452
26679192
26727534
26804333
26899786
26936075
26996601
27033686
27177109
27318594
27362389
27444935
27524285
27534862
27715496
27814960
27838143
27870505
27997290
28052779
28235692
28388995
28483719
28925716
28960669
28981646
29154589
29174743
29294627
29339309
29397562
29524918
29622050
29778804
29882728
30008118
30025312
30062613
30071419
30145207
30287300
30291441
30306886
30570314
30594682
30699438
30802854
31254647
31557545
31679906
31911320
32111579
