10717898
11013373
11280935
11399378
11511909
11756013
11972095
12634489
14595651
14766646
15325412
15459077
15854790
15863793
15997014
16125458
16186026
16201122
16245070
16249100
16292168
16388969
16520004
16798016
16806986
16938092
16996751
17062771
17151993
17459179
17471288
17536969
17566201
17580660
17690869
18076530
18085868
18258310
18281886
18323752
18345992
18388734
18580874
18589506
18606038
18726967
19218873
19545612
19564769
19596037
19624389
19735480
19755202
19758762
19899828
19959343
19995843
20038441
20045475
20112261
20122699
20141309
20303069
20652311
20726753
20819990
20820793
20869847
20923694
20950283
21071182
21073970
21145535
21315749
21354262
21464361
21510979
21516545
21540080
21546094
21577214
21666130
21669291
21940093
22015853
22172658
22200654
22217960
22250442
22262538
22369232
22396079
22500698
22617632
22659393
22705168
22717469
22867951
22880630
22901627
22902147
23074972
23118193
23318128
23364872
23381548
23385487
23473554
23473846
23501053
23510795
23551078
23553468
23664945
23689018
23747981
23768862
23770414
23827226
23880959
23921096
23943190
23960247
23968960
23981357
24096027
24234836
24275797
24361542
24440597
24589068
24615897
24658081
24661162
24713451
24796655
24797333
24976454
24976515
24976633
25046244
25223844
25352166
25457931
25462895
25482858
25486718
25571419
25715271
25829106
25856740
25860658
25868002
25869157
25903500
25959039
25979311
26001666
26028547
26160154
26168376
26231122
26336869
26409018
26523791
26711488
26821063
26872344
26886102
26889898
26945530
26989966
26996315
27086251
27109356
27129440
27155070
27188219
27200505
27208859
27351671
27377788
27447790
27526666
27552717
27570951
27611586
27716544
27770743
27893013
27894828
27991185
28049082
28057531
28086128
28130745
28161309
28177183
28188856
28232170
28236738
28238701
28285207
28319687
28347360
28401835
28412510
28478685
28579154
28579400
28644924
28688264
28701109
28825953
28858660
28866781
28899785
28901577
28905640
28916500
28975416
28992395
29019036
29054435
29079320
29129791
29166323
29214483
29309854
29309953
29358097
29378280
29414563
29454977
29627273
29723776
29807152
29859220
29913130
29934780
29935207
29954697
29969580
29981785
30005995
30058519
30058761
30073554
30095582
30111185
30119840
30119874
30167865
30169711
30237106
30243957
30530040
30704974
30711854
30739618
30744720
30813750
30880661
30897955
31022627
31073964
31129312
31250445
31278951
31328716
31400532
31441517
31465844
31591898
31673773
31728624
31877433
31888419
