10050895
10065462
10067773
10068311
10202979
10206162
10208578
10218629
10223261
10226314
10227653
10227680
10325449
10325452
10360762
10364643
10371771
10374757
10380153
10396750
10412530
10412801
10434313
10435507
10435744
10436337
10436338
10436340
10436345
10457954
10489043
10505433
10514099
10520947
10536924
10553987
10570764
10593699
10604746
10632099
10637941
10648435
10651032
10663973
10668605
10674472
10688104
10690970
10695031
10723169
10723170
10723172
10765042
10766891
10775534
10795100
10805089
10831030
10835938
10881252
10912919
10932182
10935442
10940679
10940680
10943706
10965365
10967182
10979314
10985702
11032614
11045680
11054485
11071507
11089577
11090859
11103681
11113214
11117541
11132942
11149700
11150836
11193141
11193177
11209521
11217688
11239076
11277107
11288857
11295787
11298365
11299448
11305868
11310619
11311499
11320160
11320162
11402142
11402143
11402145
11402148
11421849
11447312
11468305
11470966
11479833
11481685
11486904
11514641
11515792
11547957
11563438
11563637
11571033
11585254
11598311
11601501
11606679
11673158
11704903
11742204
11757960
11761720
11761920
11790639
11809165
11810986
11829209
11834198
11844889
11851030
11889239
11890488
11907801
11912108
11912109
11914409
11917495
11929581
11940310
11959158
11971081
11971082
11998736
12012087
12012092
12020272
12022068
12023438
12034784
12043417
12053127
12060348
12070660
12080488
12080867
12112079
12121033
12127682
12131951
12135962
12143928
12146805
12151836
12166102
12172907
12201229
12214003
12223382
12244085
12325050
12368187
12390977
12420099
12430710
12457075
12476580
12486563
12497558
12505619
12553341
12564772
12572916
12593416
12599119
12604293
12607227
12609488
12615642
12618052
12654969
12669241
12677447
12682334
12684997
12692847
12716263
12717671
12722177
12733681
12734667
12749325
12755036
12768524
12773898
12782004
12783250
12787321
12796837
12803664
12810769
12810794
12815234
12823502
12833310
12833367
12844524
12876259
12883828
12901777
12910839
12938127
12955398
12971119
12975285
12975292
13130343
14503353
14509044
14509045
14551697
14560061
14567169
14568818
14570999
14572736
14597671
14626112
14639661
14639697
14646802
14716732
14739838
14746249
14762593
14762594
14762675
14978673
14991255
14991385
15004322
15011331
15011339
15023818
15025046
15025054
15052786
15068178
15072425
15084791
15084793
15101498
15108011
15122701
15139588
15174536
15178934
15178938
15178939
15178940
15178942
15178943
15178944
15178945
15178946
15178947
15252752
15258209
15279205
15282215
15314128
15317924
15324365
15383744
15390131
15474353
15477512
15489396
15505152
15525284
15551110
15562429
15570509
15602363
15615814
15633942
15641590
15651318
15651319
15651321
15654025
15681835
15683953
15689356
15722899
15729883
15739047
15774455
15800453
15822553
15824374
15826996
15841415
15844669
15850587
15875911
15883319
15901648
15905756
15908747
15912759
15930045
15940384
15965697
16000337
16021963
16032689
16041289
16087922
16088140
16102903
16155344
16180709
16192724
16193841
16210224
16237363
16240349
16240482
16244562
16251138
16252889
16265841
16273542
16278884
16291936
16317259
16319024
16324238
16328511
16328530
16340203
16363641
16375198
16383220
16388376
16400422
16401256
16416390
16416468
16419931
16421130
16477583
16482927
16495328
16514368
16534206
16534207
16609851
16609852
16637593
16651890
16682675
16691114
16691120
16705474
16719625
16768752
16771179
16773268
16776802
16844962
16845570
16875340
16901194
16908994
16914925
16938018
16940733
16954691
16987245
17003069
17003072
17003492
17012932
17016698
17016977
17021400
17030534
17030535
17030755
17045299
17059563
17080724
17080727
17086416
17088691
17099602
17117340
17129187
17140704
17159613
17172610
17182396
17182400
17195884
17203597
17235429
17239043
17278999
17296841
17317458
17319286
17334266
17347250
17353375
17356339
17356379
17370652
17374952
17380245
17381257
17389003
17397978
17407994
17415082
17420404
17432223
17439980
17479980
17491609
17493637
17502554
17522784
17534950
17541785
17545743
17549501
17556219
17566965
17569065
17603755
17615284
17620879
17639426
17639429
17659185
17659189
17661991
17662005
17713114
17713769
17846163
17846202
17846513
17851192
17851236
17869376
17898010
17907600
17909151
17917582
17923640
17928965
17965995
17969348
17971665
17972037
17984683
18026720
18040118
18044582
18056235
18066559
18070870
18070871
18080129
18090418
18091558
18164506
18166613
18176077
18210807
18242104
18260132
18267261
18283660
18288932
18307268
18314228
18322394
18323753
18346925
18349797
18353371
18367294
18379765
18387554
18401022
18405084
18408365
18412267
18436882
18437637
18439926
18442119
18445746
18505978
18512758
18553091
18584184
18593276
18605367
18609334
18617738
18647263
18677676
18690556
18756086
18784377
18789785
18800007
18800011
18802798
18808399
18815797
18829698
18836134
18843853
18854867
18937049
18955688
18971445
18974647
19001354
19015486
19020205
19064755
19066428
19081458
19101631
19139311
19139315
19163793
19182472
19182473
19182474
19187445
19198115
19198144
19202337
19225235
19228667
19228848
19237541
19237702
19260027
19276543
19297506
19305079
19323967
19330195
19330339
19340761
19351220
19368757
19372299
19378725
19396041
19414722
19455346
19472156
19494431
19501427
19501711
19523490
19535823
19568984
19569130
19594100
19609911
19629426
19641318
19666039
19680143
19689232
19720580
19736599
19759202
19760257
19780984
19786700
19795409
19798607
19830439
19875958
19899565
19899566
19909307
19922388
19937047
19938680
19938682
19938683
19938684
19938690
19967597
20003584
20022024
20026458
20061230
20061634
20087893
20110617
20133780
20142524
20146188
20146921
20150429
20158954
20173686
20177696
20182057
20183015
20190005
20196488
20197701
20212429
20226490
20236174
20308780
20345790
20352396
20360166
20369906
20376473
20393800
20408734
20434638
20437543
20440289
20479358
20487487
20496755
20526954
20535063
20539026
20542982
20546895
20548124
20552242
20562467
20562756
20592567
20598713
20660866
20669307
20673934
20683187
20697052
20701959
20802215
20841368
20847421
20849398
20879247
20887784
20938027
20938780
20942310
20947212
20952377
20957573
20960930
20971753
20978901
21042206
21090900
21096481
21106208
21121521
21121522
21126159
21153383
21161612
21188308
21189051
21220727
21222601
21239854
21252111
21252550
21258152
21285258
21295377
21298310
21301035
21320991
21381823
21385963
21412659
21424531
21430171
21479482
21480373
21487420
21499325
21502759
21537725
21552993
21553300
21558644
21559874
21592050
21618283
21625137
21633862
21639641
21646331
21675596
21677240
21677378
21684747
21696410
21735736
21752791
21762843
21764791
21783023
21805118
21807363
21809041
21813140
21823158
21825254
21839829
21841255
21842406
21857031
21870028
21881402
21891869
21898318
21905095
21907761
21908052
21911696
21921549
21959586
21971454
21978320
21986680
21987562
21987568
21991849
22005989
22008265
22009274
22010288
22037958
22045516
22048958
22060063
22067221
22078486
22084280
22104064
22131545
22134797
22136569
22143952
22146324
22150361
22169065
22189451
22231872
22232007
22232593
22245005
22285794
22286950
22290573
22300873
22300876
22321363
22326530
22329857
22344582
22354229
22366770
22368970
22370907
22377781
22383132
22406442
22409737
22411252
22414677
22422381
22466003
22482446
22503135
22519463
22526020
22529204
22529248
22541253
22552897
22571983
22572791
22577002
22614246
22642502
22647478
22664140
22670877
22678700
22699847
22708871
22710919
22722668
22731907
22764352
22766737
22766739
22787840
22807188
22810288
22827701
22828322
22843265
22868886
22889797
22903128
22928231
22931731
22932755
22933816
22941844
22947304
22947919
22950490
22961545
22964910
22986775
22989901
22992154
23001634
23015371
23033449
23114877
23117721
23128926
23159615
23165972
23171151
23196571
23199140
23208196
23224492
23229103
23232508
23237858
23250607
23250888
23250913
23257903
23290598
23300099
23314407
23318515
23358603
23361481
23390180
23403535
23406695
23412751
23413259
23417638
23439279
23455991
23463272
23475817
23478307
23489366
23527654
23542864
23572495
23575995
23579325
23586325
23587169
23591639
23601757
23604006
23611344
23611348
23611351
23672654
23678876
23678877
23678989
23686576
23687363
23711246
23719146
23724906
23729473
23747602
23748725
23782824
23782825
23784725
23812172
23813535
23813609
23824492
23855491
23860029
23864344
23881776
23887281
23924172
23934648
23948919
23957226
23986300
24008580
24012243
24034691
24035592
24036231
24039027
24042580
24047381
24056533
24059444
24064467
24068551
24077574
24092286
24113470
24119107
24119781
24122788
24123413
24133285
24136459
24145484
24154776
24164753
24169076
24217279
24234354
24234359
24247884
24256898
24289467
24306942
24329034
24336722
24342566
24343258
24377823
24378604
24385135
24404822
24413622
24439166
24445987
24470336
24503555
24503614
24514874
24515704
24531155
24531157
24550543
24569686
24570279
24577455
24577466
24592963
24606031
24612676
24628901
24647241
24650064
24656258
24676439
24676999
24698410
24716649
24717666
24733620
24760339
24762944
24779634
24780899
24807277
24808015
24819148
24824204
24824217
24838777
24840904
24844729
24887471
24893591
24915072
24927705
24928930
24954370
24963678
24963681
24978633
24996793
24998994
25002573
25024321
25024335
25069435
25108067
25171901
25182743
25200542
25200544
25203513
25227744
25232513
25248367
25261445
25281017
25287597
25298199
25306414
25317628
25320782
25322925
25323700
25339208
25358680
25362525
25377499
25377694
25391316
25407070
25428574
25438032
25451042
25467142
25482157
25511791
25520437
25531628
25531687
25536905
25572411
25574747
25574752
25589779
25618904
25628325
25629415
25646866
25654501
25655624
25655625
25661058
25662776
25682087
25708668
25737312
25739362
25785973
25786305
25817631
25819102
25819934
25826665
25835426
25846588
25923870
25923875
25929331
25962793
25988463
25990798
25998115
25998120
26028194
26037873
26063911
26088035
26092521
26096780
26102996
26150205
26159584
26159591
26197969
26200045
26206194
26227957
26227992
26275067
26275564
26324212
26324898
26344059
26354322
26362247
26401701
26401927
26402116
26437864
26457944
26473392
26473749
26473985
26482719
26484929
26507310
26517704
26540113
26544028
26553822
26555807
26585056
26590270
26599058
26611599
26617288
26620033
26631894
26635213
26645189
26646994
26653846
26671122
26679216
26682689
26685795
26726932
26735706
26738361
26757195
26767569
26773697
26810719
26811253
26826204
26827646
26859219
26859768
26890769
26891767
26900156
26901360
26910362
26920674
26939636
26969837
26970514
26972054
26978060
26998601
26998659
27003218
27017341
27025090
27029053
27039661
27072014
27104903
27136748
27148847
27157482
27157704
27194245
27209344
27224435
27298146
27314528
27356737
27381147
27435367
27439681
27463684
27489094
27497488
27502125
27567843
27567869
27570907
27573046
27619540
27624723
27631878
27636847
27647788
27654968
27677318
27687251
27707194
27714552
27743250
27772665
27792009
27802239
27802240
27831627
27834214
27838004
27848119
27859539
27915581
27927959
27928380
27933416
27940352
27981671
27983552
27997711
27997993
28003278
28058507
28072380
28087578
28103749
28116580
28128723
28130314
28133816
28137957
28147269
28176002
28181693
28222300
28235777
28244174
28259856
28264096
28266344
28288787
28304293
28304299
28333776
28340083
28374287
28387450
28411086
28424392
28425061
28430294
28452647
28466142
28477711
28480617
28480683
28482638
28500752
28501822
28501823
28523532
28534652
28549937
28559417
28570101
28576172
28592456
28602509
28621768
28630375
28630377
28664294
28671125
28689508
28707717
28716886
28724721
28731453
28738334
28739995
28745227
28750498
28785992
28787730
28803444
28838910
28855404
28869463
28872040
28882319
28887373
28916614
28984590
28985936
28987183
28988390
29053785
29054917
29066518
29103041
29105852
29105977
29110334
29134465
29137817
29143870
29164600
29166751
29172002
29182198
29185371
29186371
29197216
29202529
29206491
29226866
29228211
29256051
29265081
29269692
29284291
29309493
29318973
29355451
29389672
29391909
29397615
29432768
29453242
29462608
29480174
29480190
29508660
29528856
29534203
29569252
29569990
29584904
29614157
29665116
29668866
29679378
29689731
29704037
29728749
29730823
29746400
29758948
29762648
29770363
29779573
29807909
29851873
29852178
29878075
29886477
29910155
29923666
29930972
29942091
29960960
29996600
30029282
30035155
30040708
30049750
30054184
30060021
30076267
30092269
30097151
30107413
30107539
30120417
30146057
30182624
30183086
30194648
30209235
30212838
30212860
30238208
30240096
30255971
30291183
30320576
30322899
30326496
30369528
30373824
30404533
30471415
30475767
30481754
30484276
30506397
30511086
30545478
30551186
30582889
30604226
30630176
30638083
30654615
30668155
30688199
30689572
30690666
30698757
30707189
30711676
30712283
30713902
30713928
30714241
30714955
30723950
30760634
30765536
30796570
30834979
30851133
30861516
30876954
30889971
30903695
30918111
30925612
30925614
30958372
30990123
31002946
31008274
31019099
31033516
31044682
31088224
31102021
31177233
31177556
31182509
31183926
31188348
31190169
31205125
31214855
31222357
31283857
31284766
31286349
31287716
31295555
31336358
31351173
31356209
31391394
31392920
31393654
31439620
31498507
31504691
31505199
31542807
31546015
31562527
31600825
31602701
31617796
31668596
31701893
31702468
31705957
31710340
31715541
31747791
31747857
31779819
31837518
31839863
31855010
31881112
31913476
31937580
31959711
31960098
31995205
32024404
32062656
32075473
32129248
32132405
32142967
32178877
32198120
32222894
32278495
32325519
32397876
32410545
32428762
32482919
32507755
32507758
33012947
33207355
33486486
34386806
34996199
7484099
7495610
7498406
7573369
7594158
7610766
7623939
7670466
7728214
7729073
7739734
7740559
7743078
7777643
7778390
7787722
8527466
8551319
8552729
8624092
8624680
8677717
8693972
8708683
8713508
8752463
8752524
8757022
8780065
8786374
8789910
8811995
8815860
8841663
8841954
8841956
8841961
8846236
8866497
8866778
8868207
8904952
8922068
8926492
8929764
8937777
8997416
8998856
9008506
9027910
9029063
9034369
9050958
9053390
9055798
9074391
9088499
9109887
9111678
9117546
9125732
9125734
9152110
9157294
9169712
9172907
9177231
9217426
9217686
9292872
9339671
9343120
9386773
9400363
9408100
9452818
9485069
9524799
9524801
9546290
9546291
9546295
9549492
9564885
9566008
9577668
9629852
9656252
9656612
9667565
9667597
9680572
9686745
9693235
9711123
9711365
9741400
9811617
9829574
9829807
9829812
9854393
9856190
9921854
