10050895
10065462
10067773
10068311
10202979
10206162
10208578
10218629
10223261
10226314
10227680
10325449
10325452
10360762
10364643
10371771
10396750
10412530
10412801
10434313
10435507
10435744
10436337
10436338
10436340
10457954
10489043
10505433
10514099
10520947
10570764
10604746
10632099
10637941
10648435
10651032
10663973
10668605
10674472
10688104
10690970
10695031
10723169
10723170
10723172
10765042
10766891
10775534
10805089
10831030
10835938
10881252
10912919
10932182
10935442
10940680
10943706
10965365
10967182
10979314
10985702
11032614
11045680
11054485
11089577
11090859
11113214
11117541
11132942
11149700
11193141
11193177
11217688
11239076
11277107
11288857
11295787
11298365
11299448
11305868
11310619
11311499
11320162
11402142
11402143
11402145
11402148
11421849
11447312
11468305
11470966
11479833
11481685
11515792
11547957
11563438
11563637
11571033
11585254
11598311
11601501
11673158
11704903
11742204
11757960
11761720
11761920
11790639
11809165
11810986
11834198
11851030
11889239
11907801
11912108
11912109
11914409
11917495
11929581
11940310
11959158
11971081
11971082
11998736
12012087
12012092
12020272
12023438
12043417
12060348
12070660
12080488
12080867
12112079
12121033
12127682
12131951
12151836
12166102
12172907
12201229
12214003
12223382
12244085
12325050
12368187
12390977
12420099
12430710
12457075
12476580
12486563
12497558
12505619
12564772
12572916
12607227
12609488
12615642
12618052
12654969
12669241
12677447
12682334
12684997
12692847
12716263
12717671
12722177
12734667
12755036
12768524
12773898
12782004
12783250
12787321
12796837
12803664
12810769
12810794
12815234
12876259
12883828
12901777
12955398
12971119
12975285
12975292
14503353
14509044
14509045
14551697
14567169
14568818
14570999
14572736
14597671
14639661
14639697
14646802
14762593
14762594
14762675
14978673
14991385
15004322
15011339
15025046
15052786
15068178
15084793
15101498
15108011
15139588
15178938
15178939
15178940
15178942
15178943
15178944
15178945
15178946
15178947
15252752
15258209
15282215
15314128
15317924
15383744
15390131
15474353
15477512
15505152
15525284
15551110
15602363
15615814
15633942
15641590
15651318
15651319
15651321
15654025
15681835
15689356
15729883
15739047
15824374
15841415
15850587
15875911
15883319
15901648
15905756
15912759
15930045
16000337
16021963
16032689
16041289
16087922
16088140
16102903
16155344
16180709
16192724
16237363
16240482
16244562
16252889
16278884
16291936
16317259
16319024
16328511
16328530
16363641
16388376
16400422
16416390
16419931
16421130
16482927
16534206
16609851
16609852
16637593
16651890
16682675
16691114
16691120
16719625
16768752
16771179
16773268
16776802
16845570
16875340
16901194
16908994
16914925
16940733
16987245
17003072
17003492
17016698
17016977
17021400
17030755
17045299
17059563
17080727
17086416
17088691
17099602
17117340
17129187
17140704
17159613
17182396
17182400
17203597
17235429
17278999
17296841
17317458
17319286
17334266
17347250
17356339
17356379
17370652
17374952
17380245
17389003
17397978
17407994
17415082
17420404
17432223
17491609
17493637
17502554
17534950
17549501
17556219
17569065
17603755
17639426
17639429
17659185
17659189
17713114
17713769
17846163
17846202
17846513
17851236
17869376
17898010
17907600
17909151
17917582
17923640
17928965
17965995
17969348
17972037
17984683
18026720
18044582
18056235
18066559
18080129
18090418
18091558
18164506
18166613
18242104
18260132
18267261
18283660
18288932
18307268
18322394
18346925
18349797
18353371
18367294
18387554
18401022
18405084
18408365
18412267
18436882
18437637
18439926
18442119
18505978
18553091
18584184
18593276
18617738
18647263
18677676
18784377
18789785
18800011
18802798
18808399
18815797
18829698
18854867
18955688
18971445
19001354
19015486
19020205
19064755
19066428
19081458
19101631
19139315
19182472
19182473
19182474
19187445
19198115
19202337
19228848
19237541
19237702
19260027
19297506
19305079
19330339
19368757
19396041
19414722
19455346
19472156
19501427
19501711
19523490
19535823
19568984
19569130
19594100
19666039
19680143
19689232
19720580
19759202
19760257
19780984
19786700
19795409
19798607
19830439
19875958
19938680
19938682
19938683
19938690
20022024
20061634
20133780
20142524
20146188
20150429
20158954
20177696
20182057
20183015
20196488
20197701
20226490
20236174
20345790
20352396
20369906
20376473
20437543
20440289
20479358
20487487
20526954
20535063
20542982
20546895
20548124
20552242
20562467
20562756
20592567
20598713
20660866
20669307
20701959
20802215
20841368
20847421
20879247
20887784
20938027
20952377
20957573
20960930
20971753
20978901
21042206
21096481
21106208
21121521
21126159
21153383
21161612
21189051
21220727
21222601
21239854
21252111
21252550
21258152
21285258
21301035
21320991
21381823
21385963
21412659
21424531
21430171
21480373
21487420
21499325
21502759
21537725
21552993
21553300
21558644
21559874
21592050
21618283
21625137
21633862
21639641
21646331
21677240
21677378
21684747
21696410
21735736
21752791
21762843
21783023
21805118
21807363
21809041
21813140
21823158
21839829
21841255
21842406
21857031
21898318
21907761
21908052
21921549
21959586
21978320
21986680
21987562
21987568
21991849
22005989
22008265
22009274
22010288
22037958
22045516
22060063
22078486
22104064
22134797
22136569
22143952
22146324
22150361
22189451
22231872
22232007
22232593
22245005
22285794
22290573
22300876
22321363
22326530
22329857
22354229
22370907
22377781
22406442
22411252
22414677
22466003
22482446
22503135
22519463
22526020
22529204
22529248
22541253
22552897
22571983
22572791
22577002
22614246
22647478
22664140
22678700
22699847
22708871
22722668
22731907
22764352
22766737
22810288
22827701
22828322
22843265
22868886
22931731
22932755
22933816
22941844
22947304
22947919
22950490
22961545
22964910
22986775
22989901
23001634
23015371
23114877
23117721
23159615
23171151
23196571
23224492
23237858
23250607
23250888
23250913
23257903
23290598
23300099
23318515
23358603
23361481
23390180
23403535
23406695
23412751
23413259
23439279
23455991
23463272
23475817
23478307
23542864
23587169
23601757
23604006
23611344
23611348
23611351
23678876
23678877
23678989
23686576
23687363
23711246
23724906
23729473
23747602
23748725
23782824
23782825
23812172
23813609
23824492
23855491
23864344
23881776
23934648
23948919
23986300
24008580
24012243
24034691
24035592
24036231
24039027
24047381
24056533
24059444
24064467
24068551
24092286
24113470
24119107
24119781
24122788
24133285
24136459
24145484
24164753
24169076
24217279
24234354
24247884
24256898
24289467
24306942
24329034
24336722
24342566
24343258
24377823
24378604
24385135
24439166
24470336
24503614
24514874
24531155
24531157
24550543
24569686
24577455
24577466
24612676
24647241
24656258
24676999
24716649
24717666
24733620
24760339
24762944
24779634
24807277
24808015
24819148
24824217
24838777
24840904
24844729
24915072
24928930
24954370
24963678
24963681
24996793
24998994
25002573
25024335
25108067
25200542
25200544
25227744
25232513
25248367
25281017
25287597
25298199
25317628
25320782
25322925
25339208
25377499
25377694
25391316
25407070
25428574
25438032
25451042
25467142
25482157
25511791
25520437
25531628
25572411
25574752
25589779
25628325
25654501
25655625
25662776
25708668
25737312
25739362
25785973
25817631
25819102
25819934
25826665
25835426
25846588
25929331
25962793
25990798
25998115
25998120
26088035
26092521
26096780
26102996
26150205
26197969
26206194
26227957
26227992
26275067
26275564
26324212
26344059
26401701
26401927
26402116
26437864
26457944
26473392
26473749
26507310
26517704
26540113
26544028
26555807
26611599
26617288
26631894
26645189
26653846
26679216
26682689
26685795
26735706
26757195
26767569
26773697
26810719
26811253
26826204
26827646
26859219
26859768
26890769
26891767
26900156
26901360
26910362
26920674
26939636
26969837
26970514
26998601
26998659
27003218
27017341
27025090
27029053
27039661
27072014
27136748
27148847
27194245
27209344
27224435
27298146
27356737
27435367
27463684
27489094
27497488
27502125
27567843
27573046
27619540
27624723
27631878
27647788
27687251
27707194
27714552
27743250
27772665
27802239
27831627
27834214
27848119
27859539
27927959
27940352
27981671
27997993
28003278
28058507
28103749
28116580
28128723
28130314
28133816
28137957
28147269
28176002
28181693
28222300
28244174
28259856
28264096
28266344
28288787
28340083
28374287
28387450
28411086
28424392
28425061
28430294
28452647
28466142
28477711
28480617
28482638
28500752
28501822
28501823
28523532
28549937
28570101
28592456
28602509
28621768
28630375
28630377
28664294
28689508
28707717
28716886
28724721
28731453
28738334
28745227
28803444
28855404
28869463
28872040
28887373
28916614
28984590
28987183
28988390
29053785
29066518
29105852
29105977
29110334
29134465
29137817
29143870
29172002
29182198
29185371
29197216
29228211
29256051
29269692
29284291
29318973
29397615
29432768
29462608
29480190
29508660
29569990
29665116
29668866
29679378
29689731
29746400
29758948
29762648
29770363
29807909
29851873
29852178
29878075
29886477
29923666
29930972
29942091
30029282
30035155
30049750
30054184
30076267
30092269
30107413
30107539
30120417
30146057
30182624
30183086
30194648
30209235
30212838
30212860
30238208
30291183
30322899
30326496
30373824
30471415
30481754
30484276
30506397
30511086
30545478
30551186
30582889
30604226
30630176
30638083
30668155
30689572
30698757
30711676
30713928
30714955
30723950
30760634
30765536
30796570
30834979
30851133
30861516
30876954
30889971
30903695
30918111
30925614
30958372
30990123
31002946
31019099
31033516
31044682
31088224
31102021
31177233
31177556
31182509
31183926
31188348
31190169
31205125
31214855
31283857
31284766
31287716
31295555
31336358
31351173
31391394
31392920
31393654
31498507
31504691
31505199
31542807
31546015
31562527
31600825
31602701
31668596
31701893
31702468
31705957
31715541
31747791
31747857
31779819
31837518
31839863
31855010
31913476
31937580
31960098
31995205
32024404
32075473
32129248
32132405
32142967
32178877
32198120
32222894
32278495
32325519
32397876
32410545
32428762
32482919
32507755
32507758
33012947
33207355
33486486
34386806
7484099
7495610
7498406
7573369
7610766
7670466
7728214
7729073
7740559
7743078
7777643
7778390
8527466
8551319
8552729
8624680
8677717
8693972
8708683
8752463
8752524
8757022
8780065
8786374
8789910
8811995
8815860
8841663
8841954
8841956
8846236
8866497
8866778
8868207
8904952
8922068
8926492
8929764
8937777
8997416
8998856
9008506
9027910
9029063
9034369
9050958
9053390
9055798
9074391
9088499
9109887
9111678
9117546
9125734
9152110
9157294
9169712
9172907
9217426
9292872
9343120
9386773
9400363
9452818
9485069
9524799
9524801
9546290
9546291
9546295
9549492
9564885
9566008
9577668
9629852
9656612
9667565
9667597
9680572
9686745
9693235
9711123
9711365
9741400
9811617
9829807
9829812
9854393
9856190
9921854
