10027301
10094159
10094160
10196592
10202574
10204545
10336657
10380952
10398975
10402198
10430951
10436317
10448223
10448224
10524624
10534240
10542344
10549802
10559412
10574380
10601744
10619639
10632617
10649576
10659849
10678834
10679186
10680766
10683827
10688157
10701752
10703049
10725387
10761647
10768694
10802787
10808134
10812035
10908192
10923664
10923682
10932271
10939170
10943724
10944408
10976426
10978701
10980029
10980034
10993455
10997451
11054916
11062324
11074084
11096335
11098794
11102809
11162757
11163281
11177421
11209954
11209962
11239901
11241871
11248106
11249801
11275483
11276236
11276237
11287379
11295344
11346796
11352610
11352614
11352615
11369947
11373135
11388421
11389943
11408051
11409720
11427312
11430815
11433786
11445639
11459906
11467919
11477432
11493699
11496145
11501733
11506646
11517272
11522586
11522964
11525336
11553776
11559958
11567623
11571222
11577229
11577239
11587889
11587892
11587893
11600889
11604609
11673327
11695953
11697929
11697938
11704071
11709163
11738037
11739265
11756667
11771981
11784442
11844264
11856537
11867247
11904454
11906217
11930129
11950653
11969327
11969334
11997687
11997747
12004194
12030833
12042184
12043845
12063136
12065841
12093602
12099486
12112762
12112771
12123569
12130784
12135962
12147314
12151781
12165379
12169250
12169251
12177449
12181004
12191459
12208011
12223572
12354404
12377163
12379608
12401549
12414262
12428121
12438467
12438918
12450947
12457759
12459213
12459214
12464460
12477938
12482078
12482086
12486175
12486176
12486265
12498747
12498962
12499413
12499485
12507445
12507454
12507690
12518293
12529451
12538399
12543980
12558574
12559151
12559655
12566287
12590843
12595178
12598634
12599272
12611944
12619902
12628176
12633462
12634489
12644354
12649315
12657885
12662974
12667523
12667843
12667853
12668253
12678633
12679298
12682281
12702705
12708533
12713652
12714175
12729493
12738003
12738341
12740580
12742672
12757885
12757912
12803968
12805118
12814572
12816895
12817151
12832550
12836912
12867504
12874501
12876150
12880814
12880816
12880819
12880911
12888543
12894812
12899193
12902031
12916476
12925854
12944520
12946085
12948690
12953301
12953303
12962908
12967919
14505331
14511531
14511533
14527570
14527572
14527592
14527602
14527612
14531584
14561410
14561873
14568109
14568451
14568509
14584560
14594740
14600506
14625149
14628754
14628755
14642287
14642482
14642483
14642496
14659100
14659501
14663183
14669523
14680638
14706466
14725928
14725933
14736578
14741110
14741317
14741644
14741654
14741673
14741683
14755595
14766184
14766652
14980560
14980562
14990520
14992974
14993116
14998712
15003180
15006043
15006661
15006673
15013826
15016098
15025047
15025050
15031438
15044528
15050547
15050549
15050573
15054065
15054073
15064396
15066273
15076743
15077112
15090475
15094461
15110018
15110040
15110728
15110733
15115795
15130587
15130592
15158422
15162913
15165353
15166105
15177792
15183384
15183397
15184616
15187808
15187809
15192010
15193626
15193632
15196652
15210952
15219586
15232281
15257156
15268916
15275915
15275917
15275919
15275926
15294222
15295012
15312809
15315531
15319275
15322270
15325367
15325382
15325385
15325387
15325419
15335113
15351525
15351766
15372137
15449353
15453969
15477872
15488301
15494727
15500300
15511656
15512926
15528084
15531561
15535168
15537672
15546983
15548650
15560325
15563325
15567485
15572118
15578167
15579169
15588605
15589099
15589156
15592463
15592466
15593269
15599074
15601527
15601600
15601601
15602408
15602409
15603746
15618889
15625099
15627583
15627601
15640753
15653293
15659597
15660852
15664795
15665880
15670670
15670682
15670692
15670699
15670701
15671862
15677350
15691520
15691530
15701223
15701225
15718370
15718375
15721182
15721193
15734365
15741464
15746486
15753036
15753240
15753241
15771403
15780849
15784435
15799063
15800041
15808976
15811242
15814790
15817510
15817513
15820363
15831067
15849894
15849897
15850729
15850750
15852382
15860337
15860342
15869492
15882649
15884023
15895428
15901409
15906202
15907298
15907315
15917455
15921900
15921935
15922162
15927485
15928057
15928068
15929092
15930074
15935261
15936178
15939883
15947057
15955495
15955502
15958738
15961047
15961049
15961053
15961229
15966002
15973144
15973145
15974472
15978553
15978839
15992522
15993537
15993859
15997022
16000636
16005247
16006150
16009246
16012636
16018331
16023686
16025108
16027011
16033923
16039570
16043128
16045505
16049190
16056122
16080162
16081303
16087905
16091536
16092534
16096783
16102236
16102242
16112653
16125977
16129481
16129625
16136037
16136038
16137995
16140166
16154453
16157435
16162427
16166020
16176365
16177908
16180628
16189466
16189475
16195470
16197687
16197689
16199845
16216534
16221928
16226433
16226467
16226895
16229867
16243051
16249909
16251213
16251214
16256956
16269110
16271484
16275138
16275139
16275140
16275141
16286445
16290261
16292183
16292319
16292722
16298252
16301482
16303148
16305000
16306418
16307895
16315273
16316476
16322226
16325382
16327784
16330503
16337816
16339084
16339086
16340161
16340378
16360687
16368249
16373577
16376576
16377154
16387401
16401423
16401851
16407765
16411179
16415158
16420973
16446032
16452666
16456083
16459105
16460693
16460792
16460858
16460963
16462592
16476669
16480897
16481375
16487729
16487943
16488159
16492133
16492377
16495434
16507300
16508391
16520329
16525130
16540351
16543130
16545844
16545967
16565949
16565953
16567707
16600849
16600863
16603133
16603916
16616721
16623851
16627856
16630832
16635578
16648454
16670180
16696558
16701731
16704087
16716388
16716825
16718651
16729288
16730459
16735472
16738250
16741211
16770797
16782207
16806317
16806977
16814818
16818474
16828125
16837589
16844722
16850255
16859411
16859412
16859420
16860973
16870475
16870741
16879842
16883501
16892057
16896984
16905593
16908561
16919483
16932143
16932145
16934843
16938328
16942837
16943547
16949306
16949873
16952466
16956107
16956980
16978883
16979350
17007235
17019406
17030117
17032710
17042790
17053149
17069771
17070708
17088019
17089375
17095198
17097071
17097275
17113931
17113943
17123070
17126910
17129195
17133398
17136467
17137758
17139038
17141528
17147975
17157270
17161627
17164335
17167092
17175173
17178420
17182226
17182259
17184978
17187593
17188251
17188904
17190969
17195842
17199059
17201461
17201784
17204295
17207899
17208459
17210136
17211439
17214562
17214570
17215478
17217921
17218478
17222539
17229109
17236244
17243358
17259856
17266108
17267613
17267796
17270466
17274021
17283203
17284168
17303390
17303439
17303440
17303809
17306772
17317297
17318308
17320835
17334210
17336096
17336344
17336945
17339967
17346988
17347765
17350862
17351637
17356686
17360913
17363281
17368914
17372124
17375288
17395381
17398080
17401515
17403973
17406646
17442593
17456359
17467008
17470457
17473836
17475514
17476681
17482797
17483530
17486323
17493920
17496793
17496806
17516802
17517680
17524589
17525984
17532135
17537966
17541115
17543896
17547581
17548751
17553466
17553996
17558282
17560689
17566054
17574442
17574870
17578311
17586869
17591598
17595018
17596425
17601709
17604351
17606317
17607327
17614283
17615247
17617382
17617658
17618423
17622649
17626906
17631362
17631408
17634566
17636562
17643452
17651008
17651704
17652462
17652594
17659885
17667888
17672385
17680602
17688985
17700019
17707349
17707444
17714006
17714012
17715358
17717184
17717657
17720547
17727825
17762711
17762716
17767510
17845909
17846159
17870235
17875914
17880929
17884498
17892386
17894602
17898151
17904388
17904869
17916328
17942721
17942736
17946025
17948885
17950032
17951112
17958480
17958482
17964548
17964813
17965984
17974317
17976960
17986682
17987064
17988357
17989234
17993211
17997331
17999985
18002723
18004139
18004944
18004949
18004954
18005496
18029095
18033769
18039046
18041716
18041738
18043766
18053746
18055942
18056543
18056550
18058090
18058813
18063349
18063414
18063476
18068954
18077383
18077520
18079060
18088081
18094229
18095789
18164628
18166203
18174826
18174910
18176625
18181882
18185114
18187204
18191116
18201123
18201134
18206186
18207298
18208887
18211242
18214457
18217881
18234477
18238903
18243737
18248740
18248794
18248824
18258428
18261744
18266215
18266983
18275332
18275339
18281412
18284353
18287004
18294420
18295746
18303568
18310578
18310580
18314252
18314269
18321537
18322462
18326624
18329904
18332073
18337401
18342542
18345988
18346831
18346998
18353521
18358455
18367428
18372289
18378553
18381769
18385330
18388730
18396414
18399040
18407300
18412134
18413290
18434201
18440204
18440572
18446830
18448634
18455740
18457504
18458208
18461157
18463627
18465788
18467028
18479717
18480284
18483136
18483724
18484855
18486975
18489964
18490028
18504112
18513140
18539249
18539559
18540778
18540880
18541279
18550030
18554929
18562330
18562599
18564045
18573512
18578601
18579347
18580572
18580874
18586370
18586522
18590800
18594696
18595985
18596608
18599179
18603230
18603301
18605869
18608849
18609429
18621359
18633772
18633800
18633805
18633816
18633831
18633848
18635241
18635699
18639533
18639566
18661501
18671278
18672076
18672352
18675364
18678793
18684663
18691703
18717713
18726545
18726910
18752404
18752414
18757982
18758379
18759811
18771673
18771714
18775476
18777560
18778978
18783864
18785653
18787229
18790065
18790875
18796186
18797310
18817883
18823232
18823249
18823255
18824236
18826444
18829694
18829695
18837865
18838037
18838634
18848443
18848742
18848823
18852053
18923070
18930036
18930635
18937781
18955907
18971462
18973586
18979376
18981343
18981933
18985117
18985128
18985132
18985135
18988858
18996489
18996910
19001543
19005002
19015082
19015083
19015094
19015102
19015113
19015114
19015369
19015371
19016606
19035098
19036981
19037205
19041896
19047074
19052111
19056093
19074979
19076485
19086020
19093617
19100329
19103254
19104453
19107750
19109984
19118174
19124693
19135071
19146346
19146819
19147695
19151375
19154647
19159636
19163574
19163620
19167506
19172653
19173228
19176471
19176830
19179278
19182175
19188115
19188539
19199423
19219919
19223437
19224116
19225169
19232022
19232481
19235420
19235883
19238107
19242292
19243839
19246474
19250686
19254086
19255377
19255912
19258022
19259973
19261872
19271882
19276119
19278671
19285072
19285381
19301997
19302006
19306881
19320549
19322649
19322727
19326289
19327402
19328236
19328661
19334314
19338716
19342189
19344762
19346000
19347877
19348727
19349239
19349245
19357304
19357387
19360650
19365802
19368816
19371787
19385014
19385988
19387615
19388013
19397858
19398309
19401224
19401380
19403890
19405122
19410583
19413923
19415407
19418045
19418556
19419593
19420090
19422619
19427632
19428403
19428976
19429013
19429043
19434584
19446638
19446647
19446795
19450613
19451625
19454919
19457385
19457939
19465134
19473471
19480985
19481456
19482079
19493626
19494142
19500158
19501062
19505993
19512976
19524092
19524887
19530218
19539034
19539711
19539998
19545982
19554560
19556348
19559343
19560133
19570530
19571124
19571143
19572986
19576235
19585106
19585350
19589502
19605530
19605649
19616105
19618409
19621369
19627640
19628377
19631626
19631673
19632787
19636504
19637101
19642884
19642886
19647799
19656642
19665104
19665877
19673914
19674742
19675242
19679078
19680634
19686782
19696688
19698726
19699186
19699306
19710316
19710691
19715763
19732478
19732838
19733188
19733581
19733670
19739909
19747463
19748075
19748540
19755103
19756824
19758762
19759124
19761853
19767310
19770059
19775500
19776274
19780040
19781756
19782476
19782696
19786106
19794319
19795962
19803681
19803682
19803684
19804836
19811772
19819248
19821187
19823981
19833143
19833214
19833329
19837179
19840035
19853585
19854553
19864015
19879918
19880294
19883773
19884226
19889713
19895721
19910166
19910719
19912333
19914001
19917597
19925197
19925208
19927262
19929761
19931400
19939884
19940176
19940187
19940790
19945536
19958569
19962441
19962442
19963000
19966327
19969094
20001123
20004247
20004253
20004364
20004914
20005295
20025856
20025979
20026227
20026486
20032154
20034482
20035882
20036269
20044070
20044885
20044886
20044895
20051364
20055537
20057981
20060966
20063304
20071527
20071633
20079652
20079852
20092946
20096793
20097294
20100900
20116416
20123031
20123913
20124119
20125054
20127870
20127873
20131046
20133358
20139012
20139013
20141261
20141299
20144695
20147456
20162600
20164122
20164333
20167415
20170692
20176860
20181600
20184808
20194482
20194512
20194514
20194686
20205246
20211545
20212004
20215924
20215925
20221946
20231177
20233954
20233957
20298792
20300735
20307892
20331499
20333460
20347995
20347996
20350057
20350177
20350185
20353828
20360158
20362418
20363808
20364434
20371508
20373425
20377359
20379899
20385169
20392942
20398771
20399622
20401747
20411397
20415605
20419567
20421469
20424829
20432340
20433242
20433244
20434133
20437601
20444445
20446172
20451622
20452398
20452399
20452443
20456660
20457166
20457261
20457691
20457911
20462326
20462805
20463232
20463288
20466762
20472076
20483568
20484643
20484679
20486013
20488680
20492571
20502991
20503114
20504869
20505126
20509733
20519535
20529416
20543183
20547425
20553895
20554884
20558408
20569645
20573339
20573463
20573895
20582997
20584720
20595014
20599362
20599364
20599816
20600189
20600336
20600979
20600987
20602430
20602432
20603454
20609570
20614370
20615318
20616141
20616670
20617881
20617892
20621407
20623771
20627130
20627131
20633663
20637787
20637819
20638303
20643213
20655320
20659568
20660534
20663646
20667170
20668188
20668196
20668207
20670979
20674286
20685992
20691681
20691794
20693390
20702500
20708906
20709150
20716396
20716480
20719926
20720535
20721813
20723605
20728511
20728556
20732744
20732901
20733346
20736071
20739343
20797401
20797441
20805537
20807059
20807060
20809213
20809855
20818135
20819988
20829453
20832481
20832486
20837543
20842749
20843875
20849234
20850714
20853377
20855051
20861377
20863841
20865729
20865730
20868630
20869122
20869400
20886578
20888628
20888847
20888872
20888922
20923694
20935339
20936298
20937393
20937394
20946058
20946960
20950590
20952073
20956471
20964961
20974266
20974688
20974959
21039484
21041614
21050725
21051193
21054920
21056675
21056677
21057432
21059346
21071632
21073970
21074577
21075593
21087673
21092865
21094179
21095230
21106607
21109080
21111549
21119752
21130173
21134387
21135253
21135719
21145212
21147999
21148006
21148008
21159352
21159729
21163275
21168427
21168516
21182967
21183158
21187413
21192235
21194156
21195103
21195192
21195195
21196514
21196782
21205435
21206465
21208991
21212322
21215389
21215733
21228297
21238433
21252551
21254798
21254805
21254806
21256220
21256233
21257158
21257673
21259385
21259389
21261242
21264642
21272595
21273432
21276593
21277942
21284912
21287559
21300944
21303384
21308886
21310247
21310593
21315091
21315749
21316376
21316467
21320610
21320983
21334443
21352930
21356267
21356316
21368109
21373973
21377797
21382385
21382560
21383265
21390505
21391262
21391763
21394852
21399706
21399712
21401260
21414905
21416563
21419788
21420406
21420421
21421732
21424188
21436044
21439268
21440563
21443866
21452937
21452944
21452952
21471555
21472808
21482034
21484956
21497657
21504992
21507156
21510979
21511824
21512875
21513803
21513918
21514391
21515640
21516182
21516544
21525857
21533882
21549637
21549721
21554965
21555080
21555634
21557888
21557893
21557897
21563885
21567659
21568631
21586826
21592058
21592844
21600684
21601585
21602650
21603892
21606381
21613466
21618661
21624566
21625012
21628569
21632648
21632650
21635936
21642353
21653865
21653908
21656213
21664220
21664281
21665869
21666261
21671736
21671738
21673605
21676108
21676110
21677157
21683500
21683942
21689767
21690262
21692147
21697388
21701227
21709244
21715624
21722656
21725037
21733287
21734108
21737435
21739695
21742043
21745581
21751243
21753009
21757239
21762876
21771661
21775178
21777105
21778107
21781000
21782957
21783174
21784302
21784971
21787793
21799066
21807006
21810648
21812568
21813693
21816769
21822763
21823207
21823208
21824835
21835244
21849562
21854858
21861684
21875890
21884803
21893642
21893680
21897354
21897444
21898716
21903032
21906689
21917787
21920442
21924368
21925190
21929661
21930160
21933616
21934726
21936743
21938755
21942763
21942764
21943083
21952195
21953419
21954239
21957240
21957257
21959173
21962775
21969422
21971308
21972425
21972849
21976511
21976523
21982165
21983057
21985031
21987824
21988743
21991888
21998038
22001266
22006034
22009130
22013235
22019717
22021045
22021652
22021913
22027088
22036183
22037418
22047726
22059860
22062193
22079109
22079451
22079507
22082766
22085483
22093107
22098264
22099606
22102512
22104172
22108504
22113155
22113213
22115148
22119640
22120203
22123457
22133562
22142761
22147843
22155328
22156049
22156740
22170969
22176162
22178453
22182770
22185494
22186678
22191195
22197699
22206876
22210355
22212987
22217726
22218285
22222174
22228752
22230115
22230948
22255974
22260935
22262880
22263343
22264197
22265362
22266262
22267183
22275474
22279217
22285821
22287214
22288392
22289808
22305306
22305991
22306196
22306521
22306805
22318762
22323727
22330316
22330606
22344847
22349799
22357845
22360642
22365465
22365466
22365820
22367971
22368081
22371355
22371367
22387166
22387172
22387174
22387605
22387662
22393216
22396418
22398297
22406500
22414593
22414993
22418015
22425669
22432955
22433609
22450049
22451272
22453742
22456451
22456823
22459043
22461404
22464825
22464935
22465843
22480693
22484305
22487549
22488985
22492028
22495688
22498658
22505290
22507228
22510433
22516367
22519425
22521251
22521479
22521686
22524493
22535257
22538086
22539862
22542509
22547826
22553009
22554135
22560044
22569644
22571805
22575420
22580171
22585315
22595508
22608014
22609273
22610392
22617427
22617448
22626918
22638012
22639242
22652306
22658706
22659107
22659393
22661411
22661619
22669034
22673875
22674283
22682732
22682903
22688567
22693338
22696400
22698155
22703623
22704643
22711230
22721373
22723705
22728149
22732489
22732492
22732507
22739125
22749356
22750056
22750118
22759999
22763169
22763170
22770650
22772979
22773051
22773540
22781162
22781874
22782131
22787048
22787051
22796986
22813951
22814368
22836179
22840336
22840553
22842906
22846660
22849402
22854930
22855822
22856363
22867993
22871390
22871393
22879351
22905818
22906685
22915118
22917986
22929607
22938844
22940117
22941838
22944369
22945462
22951258
22956667
22956672
22956676
22958829
22960116
22962061
22968816
22972952
22975194
22981562
22981890
22999654
23010257
23017597
23018121
23023154
23023395
23027970
23032389
23034518
23035965
23039996
23042731
23043904
23045652
23051897
23051903
23055092
23055490
23055513
23062585
23064081
23066731
23066732
23070313
23071340
23086020
23094707
23100414
23108276
23108278
23110878
23116812
23123045
23123788
23124137
23124599
23124623
23131525
23137801
23137946
23142070
23146966
23153968
23160811
23160815
23164370
23166292
23169034
23171514
23171614
23171695
23175677
23184639
23196633
23198891
23200784
23202661
23211991
23219471
23220414
23222657
23223277
23223279
23240997
23245750
23246633
23262175
23265001
23265636
23268783
23274185
23286055
23286135
23293019
23298106
23298821
23303059
23313569
23325259
23337079
23337458
23345209
23345236
23352382
23355265
23360362
23364679
23365254
23367351
23369983
23376214
23376498
23377287
23380167
23382516
23384606
23386739
23390180
23394712
23406055
23410736
23416087
23425892
23435213
23447373
23448870
23460411
23463339
23470285
23474283
23477839
23482620
23482625
23489415
23504938
23507387
23510549
23510564
23518007
23518233
23526151
23530897
23535458
23538912
23541333
23542270
23545112
23551805
23563109
23567886
23568365
23576237
23581683
23583742
23584670
23592753
23595729
23595755
23596190
23597109
23598903
23602885
23602923
23611537
23615636
23623628
23631983
23636715
23636982
23640112
23643106
23651705
23658192
23660028
23660030
23664949
23665375
23678111
23684864
23691984
23694681
23698075
23700105
23720503
23726779
23727881
23739977
23743183
23746540
23749875
23751153
23761883
23765156
23768841
23768914
23769293
23769997
23772557
23774397
23774678
23776244
23777758
23778501
23785160
23785161
23790683
23791040
23791896
23800487
23802123
23803331
23804111
23806980
23809145
23810622
23813738
23819895
23824248
23827769
23831279
23835924
23842608
23845425
23845563
23850598
23851324
23859648
23860750
23861165
23861215
23864665
23867553
23868876
23869578
23870836
23871881
23873655
23876114
23879268
23887817
23893848
23906596
23911154
23921098
23921125
23921785
23928103
23928295
23929092
23930595
23933304
23934417
23943513
23946406
23947986
23956081
23959199
23962468
23964067
23969000
23975275
23975732
23978654
23984945
23986267
23986399
23994316
23998453
24006403
24007872
24021809
24038516
24043373
24044427
24045061
24048850
24055506
24059962
24064198
24078018
24078106
24080515
24080517
24084831
24089050
24089404
24093627
24097376
24104726
24107943
24108394
24108794
24108799
24111113
24119861
24120094
24126454
24128307
24129199
24133276
24135167
24144245
24145376
24148846
24155301
24155323
24156809
24156926
24174677
24176537
24182659
24184115
24184576
24185024
24189157
24193372
24194578
24200419
24210457
24215973
24217991
24220539
24222712
24229536
24229849
24241476
24258969
24262816
24264941
24268546
24268934
24275797
24277856
24283493
24287439
24289090
24290464
24293562
24314147
24314348
24321556
24323701
24329046
24332890
24343334
24354514
24359488
24359705
24361663
24362760
24370610
24392897
24394347
24396008
24398265
24402653
24406081
24412331
24424781
24431462
24434677
24438492
24439303
24440115
24443396
24452776
24482092
24483620
24486563
24493836
24493839
24493840
24493851
24495660
24516127
24518753
24523536
24526187
24530849
24531049
24532703
24549102
24554354
24560578
24576686
24578016
24582597
24583223
24591523
24598437
24603023
24612482
24621958
24635646
24639401
24647934
24650597
24652857
24655307
24657305
24658234
24659451
24661170
24662774
24669790
24671141
24672000
24675159
24677530
24681401
24681435
24682131
24682187
24687771
24695712
24699018
24702456
24706817
24718902
24735671
24741031
24742155
24748545
24752071
24753211
24753358
24756342
24763592
24776739
24784503
24795437
24800897
24804953
24806682
24806689
24810870
24811608
24812084
24825786
24828628
24828635
24838987
24841078
24844267
24850896
24852459
24853295
24858795
24859691
24861441
24862389
24863251
24866521
24867148
24874919
24882167
24882568
24882901
24889618
24893706
24899726
24904991
24905285
24906891
24910070
24911391
24920613
24920615
24936686
24939872
24954829
24964216
24966383
24966390
24968573
24969119
24972755
24976498
24978315
24983713
24995682
24998619
25003207
25003950
25012415
25012925
25026154
25036008
25038309
25038436
25044711
25047745
25059532
25063233
25066308
25080579
25085721
25086316
25087073
25087482
25094016
25100219
25100591
25105832
25106072
25107614
25108823
25109529
25123974
25127926
25131678
25132020
25139064
25139308
25140046
25140051
25142952
25143543
25150553
25151338
25171782
25172156
25175543
25186759
25192244
25192631
25196948
25209289
25217470
25225374
25234479
25240323
25262497
25265277
25268683
25270984
25274821
25280451
25283342
25284303
25289490
25298010
25307137
25307731
25319696
25319706
25326039
25327821
25331606
25332108
25359589
25366500
25372925
25381653
25382193
25390185
25390202
25413183
25422039
25422460
25422963
25426823
25445775
25445782
25448398
25449744
25449748
25455344
25461705
25463458
25475988
25479816
25497222
25502633
25505309
25524650
25527821
25527870
25529028
25529800
25535356
25536499
25539044
25541862
25550068
25550069
25552571
25560201
25562826
25563230
25563748
25567423
25570063
25570470
25571770
25572160
25573399
25575018
25578794
25589766
25599382
25605886
25605923
25609637
25620526
25628344
25628345
25632131
25635920
25637390
25637804
25638295
25639205
25647338
25650106
25652023
25662409
25664702
25673866
25675473
25676678
25678559
25684049
25684692
25690326
25703646
25705798
25706827
25708455
25731997
25733678
25761281
25762673
25766754
25769625
25772668
25776217
25777814
25785510
25792694
25796490
25797832
25800207
25800507
25801097
25809402
25818690
25818869
25824424
25827506
25832770
25847778
25848681
25855179
25855888
25858603
25864952
25869157
25869859
25873084
25880023
25891898
25892332
25913061
25926460
25929825
25948266
25957017
25961640
25962831
25964502
25967954
25974322
25976028
25978492
25978714
25978933
25981159
25982488
25988933
25997640
26003489
26006262
26007149
26008885
26011391
26019335
26025370
26032148
26032457
26033478
26036935
26040980
26041920
26045569
26046623
26068849
26071623
26074201
26077725
26078385
26092780
26094856
26105140
26109650
26112339
26119022
26137973
26143305
26157025
26160264
26164485
26171717
26173095
26175008
26178527
26182611
26186229
26187507
26190301
26195295
26197259
26197267
26211623
26212070
26219399
26219630
26220024
26226078
26227437
26238968
26245316
26245713
26245836
26245837
26253525
26270189
26272240
26275050
26275927
26279212
26290235
26298503
26305064
26311775
26313134
26318849
26324098
26327243
26327319
26336909
26340957
26341950
26342220
26343316
26343317
26343321
26343322
26351862
26351992
26354910
26359718
26363673
26377462
26378725
26378742
26381564
26382634
26385759
26395814
26400857
26400929
26404844
26413744
26419271
26424878
26439270
26439515
26442666
26452682
26453911
26477647
26478962
26482526
26483152
26490439
26511251
26514618
26522424
26522869
26526072
26527537
26538342
26538642
26538657
26544919
26549262
26551661
26558615
26573559
26590343
26592952
26598739
26611397
26613720
26624523
26634281
26645207
26645465
26645739
26656723
26668010
26670947
26674865
26675294
26681358
26683008
26683171
26683383
26684072
26690829
26708107
26711997
26714574
26722017
26727535
26733530
26740535
26741277
26741286
26741803
26745832
26746180
26748411
26749205
26774462
26777479
26778366
26784537
26787138
26791218
26792586
26796713
26802808
26821063
26826513
26831302
26838358
26843004
26843006
26843566
26843642
26843649
26844811
26851974
26853120
26854561
26858213
26865423
26865425
26868478
26872344
26873275
26875725
26879101
26879623
26884543
26892858
26892942
26908926
26915331
26921778
26926604
26926605
26931629
26934285
26941384
26954937
26975552
26989195
27000301
27003211
27011015
27015710
27017423
27025242
27030766
27044803
27049447
27053205
27054399
27058271
27062270
27069053
27071124
27079535
27083529
27084690
27091670
27094176
27098688
27102656
27103529
27104478
27107209
27107298
27109897
27122026
27132543
27141854
27145286
27145325
27147653
27155151
27157883
27160257
27163722
27174518
27178362
27187170
27187606
27194340
27194564
27207613
27210036
27217117
27218813
27233220
27241486
27242028
27246442
27251627
27255921
27260337
27260637
27260987
27261878
27272198
27273329
27277794
27311641
27312746
27318594
27321163
27321999
27329685
27330185
27340112
27363008
27366831
27369095
27375133
27389789
27389802
27393421
27394152
27399308
27401122
27411160
27418025
27422018
27424061
27436593
27447790
27450379
27460558
27474908
27475128
27475965
27488625
27488631
27502049
27504609
27511014
27514293
27522076
27527267
27530550
27534834
27570953
27578492
27585292
27586825
27590719
27590880
27591184
27592811
27599522
27605606
27614138
27619004
27620978
27622923
27633897
27636006
27645501
27647312
27654831
27655932
27662439
27664826
27693977
27697662
27697987
27707978
27714550
27729230
27734306
27748031
27756046
27756546
27756696
27775175
27777172
27786515
27798134
27798143
27798223
27800703
27810354
27813194
27814457
27814960
27832600
27833066
27834153
27842943
27845255
27854447
27859905
27859920
27861879
27865923
27867061
27870414
27873557
27876509
27890325
27894890
27896962
27896966
27898342
27902832
27916664
27916665
27917578
27918912
27920095
27923474
27932074
27940151
27956263
27989842
27993674
28011742
28025071
28028199
28029717
28030757
28039678
28039797
28040544
28049082
28059764
28069445
28077184
28077722
28086129
28093475
28095312
28100742
28110085
28117048
28139959
28148724
28151495
28161031
28161156
28161309
28163097
28174031
28179553
28183031
28188306
28192274
28193488
28193532
28205606
28214015
28218433
28226306
28238849
28240389
28240722
28241401
28242496
28245989
28253077
28259780
28262603
28264984
28279670
28284798
28290075
28294134
28294714
28314202
28320654
28333484
28338738
28342260
28342970
28345150
28347878
28351201
28359873
28364727
28366871
28368200
28383644
28388867
28397623
28397635
28408292
28408411
28411527
28412511
28412558
28416813
28420788
28427018
28430039
28453905
28463058
28476207
28478139
28478510
28481027
28483974
28493595
28494223
28502843
28507127
28521147
28522185
28533402
28538517
28544256
28548263
28552781
28556242
28557315
28557508
28577433
28580693
28589968
28599147
28612935
28618856
28619654
28628767
28647484
28650517
28652414
28654963
28655152
28665373
28667891
28669911
28678703
28709998
28716965
28719854
28733358
28735970
28748407
28753471
28756011
28763879
28774705
28776930
28782584
28792094
28801195
28803529
28807648
28809668
28811179
28813643
28816657
28817956
28826089
28829994
28833833
28836577
28850882
28867340
28869842
28874449
28877512
28877969
28881021
28881454
28883019
28889002
28891782
28893526
28916469
28919245
28927730
28933028
28938219
28938222
28939433
28942477
28942896
28947180
28950918
28951352
28957679
28958627
28958864
28986325
28992587
28993236
29024818
29029039
29030262
29030974
29036672
29039414
29050383
29050393
29053835
29055240
29061526
29063521
29064341
29078366
29078387
29079433
29082582
29087337
29099351
29100150
29109237
29110183
29114103
29118108
29119693
29124784
29125397
29126965
29129509
29132089
29133433
29141188
29144224
29153446
29158201
29160020
29160744
29194849
29203896
29204820
29219633
29221834
29223933
29224583
29242103
29244638
29253783
29271284
29273230
29275843
29288686
29292133
29292135
29294337
29294387
29304386
29306056
29306709
29309953
29311746
29329062
29339309
29339313
29348040
29355105
29355766
29358097
29378280
29389047
29406267
29410293
29414129
29414459
29415163
29425573
29427182
29432802
29436054
29444207
29453522
29455946
29458188
29461079
29462655
29464518
29471719
29482170
29486321
29498776
29499492
29501874
29502144
29504651
29505953
29520882
29529406
29529523
29535037
29535043
29544725
29554643
29555429
29560910
29561238
29561239
29575563
29578027
29604366
29619759
29625429
29627273
29632168
29644568
29654876
29655043
29656245
29660944
29661516
29668395
29674271
29682814
29688872
29691943
29703998
29717508
29730044
29735686
29737489
29738911
29752216
29752588
29753107
29772378
29772380
29775858
29782993
29803959
29807151
29843584
29855796
29859335
29864521
29864592
29877768
29883624
29888833
29906456
29909585
29910121
29913388
29924294
29940399
29949456
29954702
29964187
29964348
29966617
29980493
29981752
30009477
30031933
30033392
30036793
30043118
30044019
30056570
30058341
30067969
30073554
30075215
30077432
30079586
30081041
30081195
30092347
30102429
30120839
30120854
30130641
30137255
30141188
30144336
30145172
30148747
30165271
30168869
30172004
30172005
30189339
30189904
30196871
30212727
30216766
30217542
30219291
30243195
30248364
30262338
30262887
30268845
30290286
30290974
30291441
30291860
30291975
30294823
30306244
30321614
30337638
30343131
30343134
30347011
30349971
30353344
30368823
30387895
30390401
30419983
30444176
30489152
30497840
30500402
30500612
30506458
30521814
30523574
30528586
30535262
30545601
30557760
30572112
30576960
30589141
30589482
30591402
30592972
30594569
30600091
30605004
30610842
30615898
30617213
30622047
30650392
30665007
30668668
30670257
30677503
30688485
30688832
30702203
30710345
30711710
30716688
30717610
30725232
30738100
30744715
30753324
30753332
30758048
30761664
30773729
30779256
30780118
30797948
30798009
30822448
30826253
30840149
30844595
30846366
30849407
30851221
30852803
30865285
30868401
30876765
30877054
30890024
30904514
30907618
30910728
30914383
30918091
30919798
30928690
30942564
30952359
30953669
30954707
30959385
30964611
30974320
30978498
30978499
30979647
30986634
30991253
30994080
30999034
30999293
31004690
31015068
31025493
31043485
31054350
31055054
31058425
31059350
31060042
31061489
31064610
31070785
31075391
31078635
31082658
31084645
31099984
31112989
31126803
31151372
31152753
31153765
31155875
31156078
31167940
31170004
31176108
31190662
31196432
31196444
31200127
31206840
31228596
31233317
31241756
31254800
31259601
31260599
31260788
31264389
31264943
31276684
31280349
31287601
31299368
31299446
31301757
31310452
31310906
31325495
31326572
31327721
31332015
31332515
31338936
31344374
31345781
31349014
31351162
31356111
31357097
31357162
31366446
31373756
31376287
31383343
31385912
31393233
31397551
31400483
31400735
31401238
31434424
31442554
31443867
31445881
31446728
31448928
31471037
31471679
31472251
31473292
31473349
31477195
31509248
31535886
31536804
31536931
31536947
31537169
31539829
31540825
31541675
31541926
31546049
31547934
31553928
31560099
31570775
31591520
31593794
31605399
31607424
31611042
31623459
31629945
31630051
31634753
31637983
31639508
31641900
31657138
31657792
31669410
31680600
31682958
31704494
31712764
31726067
31756407
31757619
31775531
31778781
31784119
31785587
31790835
31809726
31812031
31820608
31821868
31837376
31841986
31843709
31858985
31862526
31863619
31874448
31882274
31882373
31887310
31899288
31907095
31910918
31917204
31931156
31935518
31941394
31945875
31946770
31947405
31948671
31948836
31956027
31964221
31978745
31982482
31996330
32001192
32022387
32032623
32032715
32034069
32057996
32063231
32063560
32065988
32078820
32091959
32094202
32111343
32111578
32112962
32113920
32119912
32146357
32155474
32723234
32804125
7473398
7500143
7574458
7597162
7667258
7754376
8670685
8681898
8756449
8777906
8938120
9055804
9110978
9121584
9151747
9219178
9233013
9285718
9333238
9343598
9343600
9345493
9412517
9448260
9497433
9554428
9559925
9560155
9601659
9601698
9620697
9620699
9636124
9704268
9775518
9796959
9802236
9808462
9818316
9818938
9821359
9849600
9849722
9851491
9882088
9951219
