21383264
21281718
18165464
23142417
25988724
21338692
24633558
25637267
14706428
24496784
19707568
17047671
26364127
24478673
21592680
20817105
21599718
27793597
25385625
11822992
25090480
24832823
17004938
22178355
25090480
24741043
24179800
21691942
25125263
27500453
24086317
24090712
24961260
17951002
22076160
15982446
21909705
20875635
24140937
20731627
22386968
19531112
21310189
16369836
24342420
15607838
17088334
23149031
22445480
22391134
21383264
27126701
29881337
23352851
21078704
18187528
28887180
20096794
24483366
29065207
17299505
25990865
18801475
25123156
23072363
22270405
23726981
27575491
25051341
25727574
22717339
23190458
26094186
26078198
24793365
28150390
28720860
22076160
28824470
19775795
20699124
28992531
