11263683
12498754
14506401
18187528
12122034
12697627
14643906
15088641
1538244
18298708
2046377
20501286
22496536
22618586
22868938
22894053
23027680
23072363
23184398
23190458
23207549
23300102
23311613
23364872
23469861
23523373
23541231
23604786
23794136
23820984
23838052
23927455
24116715
24147643
24256621
24448535
24483366
24577471
24588360
24738841
24754423
24828276
24850422
2496519
25371045
2562717
25708696
25727574
25971784
25988724
26021304
26083394
26125488
26138313
26268999
26303184
26329431
26370660
26404024
26435383
26456965
26686587
26771165
26786150
26916241
27079174
27397847
27782768
27865039
28098946
28231635
28248041
28498718
28971228
29058369
29188399
29309532
29582514
29629981
29847018
29948904
30154290
30214041
30517224
30525907
30593008
30758665
30811097
30892463
30963660
31262704
3202480
3417223
3426723
3576665
3930674
3931344
4004565
6239501
6813552
7075067
7589838
7682739
7688966
7758982
7771636
7945568
8043972
8303869
8561288
8659252
8805004
8959039
8974342
9022744
9065532
9138671
9161613
9214201
922815
9269854
9542891
9783561
9949786
