11998736
20352396
27707194
31105553
32410545
10417247
10940680
11032614
12080488
14716732
15084791
15178942
15178945
15536300
15570509
15722899
16237363
16340203
16534206
16534207
16908994
16914925
17099602
17381257
17479980
18044582
18166607
18176077
18617738
18802798
19163793
19202337
20539026
21252550
21592050
22368970
22425723
22986775
23406695
23455991
23945233
24569686
25322925
25511791
25520437
26473985
26653846
26738361
26859768
26890749
26939631
27157704
27454622
27567869
29172002
30040708
32325519
8693972
8708683
9152110
9829574
