10088898
10336657
10363949
10440954
10617288
10619411
10659091
10753975
10976426
11054914
11097974
11157567
11168545
11198706
11209518
11304074
11371316
11373131
11388421
11438601
11477432
11522586
11525326
11553776
11709486
11792407
11848716
11879658
11969322
12050089
12135962
12139777
12202079
12377133
12377159
12388609
12395389
12414275
12417678
12417991
12477708
12527103
12595185
12667852
12682281
12803968
12823480
12832550
12836392
12853370
12865533
12890776
12948687
12955383
12967920
12971903
14511533
14594740
14654860
14656503
14699420
14704218
14976320
14980562
14980577
15000257
15006682
15091347
15178169
15182316
15187808
15194879
15200709
15201318
15201322
15232072
15240810
15275919
15275925
15298780
15298782
15312809
15351623
15460933
15509382
15513929
15537672
15556997
15601517
15601527
15616133
15652312
15652326
15657126
15670705
15701223
15701224
15701226
15701230
15703387
15705615
15721247
15728741
15734343
15734350
15746001
15761278
15802598
15811240
15814000
15817169
15817644
15820652
15826978
15852014
15907315
15919215
15926934
15955476
15964210
15973144
15978839
16027008
16049190
16112148
16140345
16140346
16145475
16192397
16195470
16221928
16226433
16226467
16251213
16269110
16271484
16275141
16325141
16337816
16356329
16398587
16406257
16414281
16421576
16460858
16473338
16481375
16490367
16495434
16497485
16510734
16513147
16525130
16530429
16543130
16623852
16633288
16648457
16687157
16696558
16707801
16753205
16757006
16757180
16768379
16769093
16769225
16779560
16839298
16839301
16846860
16891125
16963281
16979560
17027486
17056279
17069470
17077160
17092490
17094117
17113672
17124286
17129195
17139038
17150987
17159232
17163350
17174987
17175173
17182769
17190934
17214562
17222565
17230052
17254803
17301679
17339967
17356686
17376703
17400480
17499159
17499164
17517680
17529986
17548751
17551089
17589305
17604348
17610659
17614278
17617657
17618423
17638304
17643400
17651008
17658625
17660183
17689103
17707444
17715350
17954780
17958489
18004946
18007181
18063476
18065722
18072281
18077798
18079289
18172849
18174910
18174911
18177711
18207423
18211233
18211240
18215244
18234521
18248739
18262208
18270173
18275332
18325789
18329671
18342544
18345991
18353686
18406173
18425505
18427116
18437279
18468869
18476760
18502045
18511693
18515297
18534989
18541279
18562330
18564038
18564039
18564045
18574649
18578602
18580874
18586234
18605868
18633777
18633786
18633800
18633801
18633805
18633822
18633829
18633843
18633852
18633854
18653664
18663302
18723901
18771508
18783380
18785502
18787229
18790065
18790618
18790875
18823226
18823250
18848742
18928090
18938008
18940230
18948009
18950718
18979380
18981933
18985132
18985143
18992288
19015096
19046993
19052111
19063979
19092784
19107751
19117277
19129391
19135072
19170936
19172650
19195646
19235883
19264490
19273839
19285072
19285143
19328236
19345786
19351894
19362156
19371782
19384890
19385019
19405122
19406904
19419593
19420091
19422619
19425830
19429079
19429173
19433790
19443630
19457378
19457392
19465134
19480987
19494153
19501062
19521264
19530219
19531876
19557858
19571143
19579267
19580380
19585350
19586260
19618409
19620107
19631673
19632299
19679768
19683419
19692672
19732835
19739909
19782696
19803685
19804836
19811814
19818907
19818908
19822601
19853585
19858108
19880216
19890012
19914001
19933712
19964387
19966326
20008375
20025981
20036269
20041477
20044008
20057981
20060103
20060912
20064129
20071019
20085446
20087840
20096269
20099204
20117120
20130181
20138900
20146607
20146921
20150343
20162490
20162599
20184959
20194687
20203176
20225220
20302945
20309531
20333460
20347995
20350180
20350933
20363157
20378581
20403508
20411397
20417065
20429137
20434468
20435051
20456660
20457166
20470808
20471358
20478834
20510255
20521861
20573889
20573895
20593194
20600971
20603449
20610740
20617892
20621638
20624473
20661837
20668196
20673802
20696386
20709038
20711940
20712827
20728511
20728556
20797391
20804370
20807058
20808145
20832476
20842749
20849234
20888847
20889651
20933062
20938153
20946058
20946960
20954937
20957649
20974213
21035785
21075129
21077137
21078562
21078973
21090881
21095230
21097958
21098806
21111833
21122817
21126156
21144117
21147235
21168511
21182967
21183458
21206465
21209489
21213193
21228297
21229617
21250762
21259166
21259389
21305666
21316462
21320610
21328083
21333979
21414901
21414910
21427167
21430142
21440642
21452934
21452951
21467048
21470595
21471359
21472808
21484956
21501165
21504992
21511824
21515640
21530557
21533882
21536784
21536967
21554961
21555634
21557893
21563888
21563889
21574212
21592058
21596143
21602650
21616985
21618667
21624566
21625010
21654061
21671736
21683596
21690260
21709173
21715625
21733887
21736451
21737435
21741484
21743159
21750952
21757239
21761506
21761688
21762712
21769962
21777109
21803125
21824835
21827294
21839175
21840404
21878057
21884323
21888982
21896497
21897305
21922599
21922603
21930137
21932262
21935985
21943047
21943555
21958651
21976509
21983182
21998038
22005592
22006990
22017280
22021652
22024246
22040905
22079451
22089142
22100534
22113213
22114283
22120203
22149348
22156049
22156723
22159113
22161969
22176162
22196111
22206905
22218285
22235032
22241376
22247501
22255476
22264198
22267967
22270350
22275475
22275476
22289808
22296985
22300812
22306196
22317687
22321646
22345370
22355182
22359353
22377511
22399779
22403155
22406281
22414772
22418393
22422724
22431294
22443447
22451481
22456451
22459338
22465324
22487549
22514317
22521252
22524296
22541026
22565201
22584225
22591109
22609578
22617625
22628125
22642412
22652538
22677148
22688567
22727762
22772359
22772979
22782131
22795367
22797274
22800942
22805083
22807311
22815503
22831959
22840336
22840554
22849399
22868935
22887480
22901597
22906790
22914649
22929298
22941501
22956667
22956668
22956676
22975148
22977198
22981562
22982355
22982513
22983598
22987297
22988717
22993425
22995779
23041526
23044373
23063843
23077043
23077058
23095902
23116812
23128970
23163952
23169930
23171695
23175836
23179063
23183637
23186258
23202661
23207575
23268784
23287316
23297009
23313581
23314011
23314940
23317795
23318128
23350907
23351848
23357079
23362496
23365237
23376790
23384520
23391557
23400645
23407275
23414211
23427116
23435213
23485131
23486972
23488588
23507383
23552077
23554475
23558094
23566889
23571693
23574539
23576808
23584173
23591073
23608113
23615636
23616548
23625078
23645715
23660437
23664950
23670963
23672302
23673251
23685160
23716712
23727827
23743974
23750943
23756148
23769726
23769997
23785139
23802125
23807175
23813738
23824230
23838003
23859650
23861539
23867921
23868876
23869578
23884933
23893849
23901117
23907544
23910949
23927991
23929944
23932237
23946393
23956080
23956081
23973351
23978392
23983202
23986265
23988110
23994213
23998453
23998674
24039033
24050219
24068813
24077560
24078018
24080372
24081276
24093627
24099849
24108794
24128739
24135167
24138447
24168220
24174667
24182659
24188808
24196947
24200542
24200918
24210423
24211010
24214215
24222405
24239590
24247043
24279687
24287441
24289090
24359488
24368143
24384151
24396002
24403156
24407914
24411594
24413394
24443396
24450582
24453190
24467888
24473186
24486563
24493845
24502937
24506946
24513232
24518753
24523536
24532318
24563529
24583040
24587582
24589839
24591599
24612152
24621266
24628776
24632378
24634086
24642381
24671141
24705200
24706557
24720663
24720892
24722762
24734297
24742157
24748545
24753026
24753396
24759437
24768931
24790190
24791753
24794918
24813149
24815091
24828652
24838987
24844742
24845107
24845161
24862848
24882196
24893907
24899706
24905285
24906968
24907485
24912146
24928617
24952330
24960046
24960530
24976632
24981794
25062837
25065732
25086203
25086609
25090922
25107617
25108246
25108823
25111033
25117603
25139625
25140046
25142952
25143614
25175536
25183886
25208740
25210055
25217472
25224997
25225374
25234319
25241083
25242726
25249057
25269114
25277964
25288171
25304498
25305809
25315789
25335914
25366580
25372925
25384262
25392511
25438976
25445247
25449748
25451474
25461711
25462688
25463475
25466433
25477367
25483019
25487911
25498409
25527113
25537682
25555525
25562826
25565059
25572160
25594153
25595500
25595506
25603027
25605968
25630517
25631917
25632124
25632133
25637390
25638295
25646583
25655870
25660537
25676678
25678559
25680993
25681681
25691071
25706827
25708317
25716841
25725510
25726458
25743635
25752904
25754503
25769625
25784601
25798570
25809400
25810522
25818690
25819306
25828568
25835557
25858603
25868150
25871325
25874749
25875284
25891898
25892332
25892594
25913703
25936550
25950551
25957484
25978492
25988227
25994961
25995349
25999039
26008886
26032190
26036837
26041566
26074201
26089343
26105140
26107160
26109666
26124112
26135908
26148614
26160264
26165867
26168407
26180188
26194892
26197267
26203050
26208834
26209358
26212902
26219630
26223260
26226076
26235668
26243879
26252986
26295919
26300387
26334020
26341902
26348557
26348589
26350757
26351993
26356583
26367817
26377462
26385540
26403292
26417092
26468196
26471033
26472591
26476740
26501399
26516169
26516170
26520773
26522619
26537750
26569419
26571072
26574501
26589334
26599055
26608745
26608776
26609107
26654933
26658926
26667844
26674059
26675154
26681358
26699464
26701295
26707716
26720411
26727304
26758835
26771851
26787138
26790398
26794034
26821244
26825438
26854756
26880789
26883065
26883758
26892858
26900791
26926604
26928884
26952886
26954937
26968315
27000301
27011016
27012986
27032568
27048533
27071084
27084690
27094176
27098688
27107470
27117563
27131039
27145084
27151776
27164327
27170133
27187170
27192955
27195942
27211473
27231977
27260987
27261979
27288703
27301353
27320245
27323873
27362389
27364606
27367793
27378333
27378559
27391213
27409387
27445211
27447790
27449709
27477592
27513302
27530550
27575531
27581461
27605616
27664960
27699680
27705092
27734301
27743373
27756546
27756763
27778161
27793657
27816776
27845254
27847305
27847313
27858963
27859920
27866269
27887704
27888020
27924453
27936814
27939189
27942764
27989842
28000082
28040544
28065848
28069445
28072803
28077513
28095312
28095997
28099068
28100739
28108320
28110085
28119346
28132813
28139957
28150911
28151495
28161387
28179553
28189742
28195139
28259773
28269515
28274168
28285946
28315038
28323166
28325027
28345197
28371655
28391032
28392302
28412511
28438665
28450541
28461057
28479473
28483720
28493595
28494105
28495332
28504334
28504364
28525960
28527316
28535830
28541428
28556306
28556774
28566463
28602689
28660742
28669784
28692061
28709998
28712948
28728080
28731517
28743459
28759780
28768460
28826336
28831531
28833833
28833940
28876500
28886406
28895092
28919245
28952137
28963910
28968854
28970107
28981613
28982708
28986207
29022771
29024234
29037913
29073458
29078366
29080232
29088373
29122723
29132089
29168088
29175612
29203205
29205574
29221833
29224723
29243119
29247748
29255008
29255885
29258849
29275589
29277658
29289371
29292136
29294431
29305161
29306056
29356006
29356166
29362830
29367059
29380291
29406267
29407469
29408525
29409998
29410078
29454934
29464819
29471100
29476914
29490484
29498761
29501857
29501874
29521161
29524623
29601954
29604366
29633906
29644521
29683406
29730041
29735557
29744797
29753107
29756354
29781630
29787449
29802593
29802860
29869536
29877767
29878280
29897026
29913388
29914992
29916789
29926283
29940339
29947037
29947610
29950316
29964023
29972267
30004852
30028059
30031933
30033392
30038007
30061413
30084706
30118565
30124792
30156457
30168869
30169751
30171168
30212786
30217551
30237034
30261368
30269148
30272125
30273714
30282742
30290974
30321614
30326205
30326472
30357662
30394323
30414041
30439509
30453032
30468777
30476625
30500664
30507735
30514816
30520271
30540702
30552572
30573810
30576563
30601693
30640144
30668674
30688832
30711710
30739061
30743020
30747588
30758079
30772426
30798009
30802462
30807881
30858162
30868401
30871971
30876765
30885785
30890024
30902640
30914383
30923933
30941844
30958354
30965131
30978499
30982259
31000587
31004690
31005575
31009844
31015068
31026475
31031203
31054350
31061489
31072215
31078635
31093956
31100293
31103018
31125472
31125938
31196934
31213656
31220613
31233906
31251891
31282419
31284027
31287937
31323259
31400529
31418336
31446128
31463714
31472416
31473276
31477195
31493413
31499047
31513808
31525499
31545966
31546049
31559561
31568818
31577959
31578601
31589298
31591520
31617822
31644994
31657138
31673774
31678499
31702428
31707312
31756399
31756407
31762397
31770551
31901418
31912155
31929167
31931027
31944557
31958654
31964221
32006947
32031282
32044436
32119985
32485705
7666172
9345510
9711279
