10943684
10943684
11037096
11496124
11496124
12639338
15491269
15701234
15701234
15860339
16989551
17055981
17055981
17536964
17536964
17583991
17986835
17986835
18370602
18370602
19446457
20056024
20598548
21130224
21164174
21164174
21606658
21606658
21864459
21864459
22766167
23373319
23419544
24051621
24051621
24341069
24341069
25088911
25088911
25277690
25571093
25571093
25893437
25893437
26011577
26162239
26162239
26516171
26736634
26736634
26737187
26737187
27109357
27109357
27165762
27165762
27167401
27167401
27340019
27340019
27466633
27856343
27856343
29760183
29760183
29771359
29771359
29882276
30019703
30154703
30630078
30658938
30658938
30698656
30698656
30794869
30794869
30825583
30825583
31919530
11352615
11352615
12202103
12202103
15590616
17280517
18234518
18234518
19620107
19739909
19739909
24093627
28151495
31962230
