11296094
11459880
11726774
12205170
12633158
14568478
14741108
15006665
15288382
15528079
15725432
15849896
15850750
16290890
16914620
17265148
17626038
18308706
18388729
18509047
18587392
18996542
19170662
19358974
19467298
19490513
19913621
20080096
20719303
20809855
20862456
21142990
21147234
21232571
21295019
21430137
21492080
21606659
21681221
21900560
22026537
22063094
22383502
22387716
22513380
22524295
22548898
22826630
22970898
22990034
23407973
23512930
23547242
23547243
23578759
23595877
23739983
23757765
23887809
23932915
23993362
24026225
24107968
24118624
24136926
24291504
24300085
24307490
24366575
24526181
24672019
24696182
24768717
24847853
24862077
24893320
24945709
25071182
25183555
25359489
25447301
25602039
25602040
25602041
25644499
25833968
25899520
25995480
25998539
26022857
26084531
26180206
26427639
26489979
26732520
26831302
26863028
26891710
27129935
27282865
27358453
27385157
27411574
27663021
27806864
27806979
27819477
27881393
27894158
27994159
28228422
28267576
28294458
28505470
28512009
28691844
28705766
28754348
28891145
28951452
28977574
29054735
29247796
29274503
29365284
29381374
29558632
29560926
29806553
29846004
29882627
30156503
30251758
30282732
30292918
30312738
30394220
30445892
30517853
30691967
30769095
30805850
30820857
30831312
30831621
30903953
30983543
30986423
31062381
31099141
31180232
31190662
31206172
31282006
31535135
31685359
31705887
31713099
31790725
31801104
31956033
32102722
32142669
32267660
32283274
32403056
32415913
32454423
32533819
32598998
32602162
32757373
8866498
