15174923
16565998
19025463
20695685
21717780
23921439
24357646
24956915
26237321
26613332
27570893
30051327
32170447
32546139
10875899
11345973
11377345
11426342
11459880
11726774
11870922
11879657
11960892
12667722
12708533
12904807
14568457
14568478
14573322
15004563
15006665
15129155
15229057
15473974
15694331
15891585
15993629
16284969
16290890
16387647
16422822
16530880
16604320
16735951
16861608
16919246
17158560
17265148
17400196
17617989
17626038
17918712
18183443
18194182
18197269
18292747
18308706
18329905
18388729
18476994
18509047
18587392
18598769
18633774
18768725
19047324
19073426
19139843
19174537
19467298
19473471
19490513
19524091
19631753
19685956
19741139
19766936
19781579
19811532
19844211
19913621
19996309
20061126
20116437
20173665
20215938
20423700
20426883
20440296
20510377
20535125
20579005
20664231
20719303
20807052
20809855
20980590
21126735
21147234
21232571
21298512
21362742
21430137
21454914
21477019
21483437
21484950
21518701
21544071
21546927
21681221
21712804
21714958
21763528
21884714
21969422
21996599
21997421
22063094
22064161
22079658
22113088
22136615
22259064
22279217
22357722
22383502
22387716
22396427
22445776
22489578
22498079
22510246
22524295
22548898
22580171
22586138
22784688
22815523
22872692
22900624
22939991
22958950
22990034
23059859
23200084
23201365
23223532
23235196
23303334
23312561
23353029
23397317
23407973
23445167
23459322
23512930
23547242
23547243
23578759
23595877
23677490
23757765
23759261
23778289
23779051
23784668
23830149
23887809
23909003
23913733
23932915
23946275
23958585
23993362
24026225
24080950
24116842
24136199
24136926
24291504
24305681
24307490
24366575
24526181
24696182
24729034
24760977
24763910
24795442
24800986
24847853
24862077
24882167
24893320
24903627
24983659
25071023
25071182
25193949
25304885
25443066
25447301
25447334
25448081
25456522
25552570
25562711
25645425
25753781
25833968
25846746
25971857
25971928
26084531
26180206
26246443
26319407
26388147
26555033
26581912
26610386
26747088
26792441
26797854
26803060
26806872
26831302
26851698
26891710
26936075
26973134
27074029
27129935
27170428
27216819
27263273
27278664
27282865
27295200
27345375
27358453
27385157
27411574
27430401
27457416
27518327
27531626
27600363
27614922
27659185
27663021
27780839
27806864
27806979
27819477
27856313
27865452
27881393
27943592
27978801
27994159
27998777
28077722
28093022
28107727
28130745
28131758
28216062
28237551
28254633
28267576
28294458
28355957
28401285
28458022
28459134
28498277
28505470
28651213
28683981
28691844
28754348
28819323
28829051
28832300
28930284
28951452
28977574
29024175
29030974
29054735
29064475
29113942
29128522
29247796
29289371
29310889
29381374
29558632
29578027
29616603
29687649
29771283
29790868
29871712
29882627
29890186
29909784
30010874
30094544
30144570
30156503
30170236
30205209
30245328
30292918
30312738
30315910
30471583
30517853
30659756
30666763
30691967
30769095
30820857
30831312
30903953
30947052
30957353
30986423
31130571
31173884
31271805
31282006
31399924
31535135
31604141
31605399
31713099
31757518
31870934
31954729
31956033
32068162
32142669
32160766
32231295
32267660
32273192
32294538
32312660
32315894
32392573
32438221
32598998
32663934
32687922
