10022361
10025775
10211480
10219266
10219271
10319878
10386525
10398983
10415675
10448820
10449110
10450838
10493896
10499677
10528937
10536085
10552240
10561935
10563622
10565586
10575244
10642042
10644781
10648432
10676617
10704753
10745135
10750344
10768623
10772135
10775518
10802762
10815137
10830325
10881249
10883713
10887264
10911900
10930602
10937143
10937151
10961626
10971598
10999564
11051128
11061263
11077460
11080224
11082874
11094101
11094102
11112405
11114214
11114222
11133796
11137662
11153720
11160950
11167039
11207796
11211736
11290932
11296407
11305751
11353904
11376184
11380574
11395291
11400027
11400037
11405808
11415912
11420429
11425928
11425930
11442153
11468300
11468318
11488885
11495006
11498422
11524466
11559496
11571329
11591833
11606676
11677063
11704398
11706104
11723686
11735779
11760874
11775258
11805254
11805255
11829168
11834599
11870469
11883830
11889233
11889239
11914552
11925304
11969314
11997727
12015166
12063233
12076108
12080615
12112114
12131944
12143348
12143351
12143361
12183341
12187449
12210416
12235806
12297566
12366737
12397139
12402254
12402262
12424089
12434631
12438464
12470176
12499863
12538412
12576166
12578919
12580711
12601713
12614396
12629228
12640065
12652408
12666760
12681005
12700292
12707431
12707432
12707796
12760413
12784673
12790894
12791324
12791331
12878261
12887438
12887440
12889169
12937081
12975289
13679290
14534161
14566585
14638879
14642115
14661482
14661484
14730950
14744184
14744188
14751202
14991256
15009165
15016005
15026503
15037472
15098189
15101831
15122427
15125357
15146010
15159469
15193619
15230704
15260365
15264025
15324823
15324854
15325363
15325379
15364683
15376482
15380118
15380120
15449046
15470618
15488421
15505176
15506841
15515757
15528086
15557495
15557497
15582841
15582848
15582855
15596761
15597752
15694560
15699379
15709130
15710312
15750895
15809001
15820360
15857433
15891196
15915343
15926717
15929035
16000281
16006149
16014649
16043790
16051525
16095926
16133718
16146444
16162429
16168675
16217065
16352448
16400258
16417542
16483400
16499767
16503204
16505312
16513328
16517214
16529634
16549189
16562514
16618342
16686655
16698323
16776430
16870399
16872843
16890408
16906314
16922886
16934920
16959818
17012334
17029955
17088374
17097271
17101834
17110687
17116030
17176980
17210892
17215168
17239106
17249193
17259350
17277571
17295613
17295615
17333778
17368105
17370345
17381446
17412561
17420821
17428687
17433056
17442003
17493878
17525023
17553646
17571025
17596947
17601930
17636561
17662059
17664061
17681983
17682014
17728360
17764980
17875912
17884753
17923614
17933587
18042496
18096311
18157909
18177358
18195263
18226962
18246939
18266751
18294201
18317276
18345411
18348018
18356445
18359198
18383904
18401022
18410365
18419837
18440567
18467131
18467181
18494785
18516598
18524262
18534238
18554926
18557777
18567412
18571798
18599175
18609565
18614768
18678824
18691850
18727679
18782688
18790822
18801033
18824674
18829258
18840532
18946001
18977826
18979844
18996207
19005171
19054394
19054395
19070314
19073652
19131199
19135870
19236945
19244266
19246420
19249372
19251579
19286475
19346512
19400880
19453720
19464852
19541453
19560403
19622686
19674939
19682030
19683060
19692839
19736169
19744564
19751990
19752449
19780790
19817822
20002143
20002153
20018529
20035513
20051709
20089943
20132295
20163442
20185373
20223639
20350980
20353827
20367340
20412283
20437582
20495793
20513813
20518612
20547227
20553893
20566303
20575073
20679923
20850388
20920892
20973379
21060092
21119155
21135733
21148116
21150056
21168313
21197511
21198558
21204812
21269292
21317045
21330467
21353602
21416226
21438080
21441071
21444322
21453353
21463276
21470191
21482948
21497556
21502602
21507730
21586939
21616484
21653207
21716013
21746814
21768242
21810153
21835245
21839176
21852375
21885254
21885719
21917423
21933755
21972957
22003730
22003908
22050514
22099527
22112306
22155377
22197033
22205759
22211942
22245703
22304227
22332720
22406776
22442430
22471353
22504417
22510082
22510097
22546035
22554258
22578165
22591753
22613821
22669081
22674871
22688826
22722378
22723496
22734123
22916511
22925605
22929715
22945967
22946718
22959716
22989366
23150897
23197748
23283529
23353601
23355177
23360362
23449653
23531608
23535036
23542864
23583991
23597934
23622222
23747499
23749796
23754695
23771402
23811976
23827066
23832133
23868151
23868165
23892579
23911210
23992920
24032670
24142475
24176688
24318290
24438916
24445016
24593820
24614264
24638919
24659241
24667480
24762944
24777132
24802969
24831083
24857759
24890932
24903633
24907496
24928080
24942549
24962348
24973130
25016097
25031182
25048307
25300772
25366369
25424188
25431899
25443451
25461702
25545559
25546153
25576532
25589715
25597528
25616470
25727907
25754852
25809286
25809952
25884243
25907519
25937386
25955498
26000807
26011809
26021550
26024772
26032924
26054876
26063348
26149291
26195068
26216514
26216698
26218733
26223262
26329731
26350774
26363299
26363346
26421492
26425829
26427897
26452360
26468323
26520830
26526187
26530395
26552570
26558713
26567092
26597039
26679097
26709879
26749370
26865066
26899356
26926529
26940288
27003218
27061896
27064827
27080062
27104892
27132952
27228409
27287222
27290713
27357350
27374869
27394376
27400070
27429056
27564217
27635630
27677885
27740984
27743551
27815632
27842262
27862625
28009132
28104639
28160067
28188304
28188918
28235654
28248912
28269699
28282807
28284051
28324681
28338446
28427841
28431291
28432987
28583883
28621626
28622539
28632041
28687722
28718234
28728046
28766694
28841245
28888031
28899220
29070752
29253681
29268230
29287217
29288503
29302917
29318973
29331847
29353399
29383717
29414560
29428769
29511809
29549794
29570898
29575376
29625365
29637549
29653337
29654334
29728816
29782369
29807677
29907398
29958756
30066349
30126966
30235015
30241008
30243111
30248630
30408498
30485238
30587513
30604226
30637459
30666753
30733255
30796132
30855662
30875437
31004070
31020649
31153103
31153104
31166617
31181427
31207105
31221579
31250266
31297795
31325818
31387000
31415886
31472401
31549200
31574430
31673749
31757868
31812090
31911319
31912210
31914231
31964326
32062107
32151761
32173408
32196657
32197137
32310136
32311085
32358221
32421911
32452574
32515356
32522839
32599430
32653988
32723706
32739558
32746019
32783160
32827235
32846313
33058145
33094499
33135613
33179036
33230739
33257292
33262020
33279986
33283293
33290898
33341458
33389247
33540156
33608133
33610102
33611099
33615673
33675312
33705572
33878604
33964793
33973138
34060082
34076885
34144173
34175792
34175793
34216975
34313179
34347200
34371289
34406537
34464851
34475125
34478055
34490890
34500432
34519649
34521044
34525432
34526291
34534926
34664705
34716254
34796882
34826646
34837826
34849619
35058338
35066389
35256372
35256485
35320587
35481808
35506500
35508811
35674920
35713664
35732961
35802989
35892321
36074203
36357555
36525831
36691755
36696411
36700444
36736237
36736239
36824029
37023491
37054522
37178024
37202160
37204610
37366342
37399617
37422935
37587770
37633152
37716331
37796072
37823910
38174460
38230870
38250750
38345348
38383054
38391006
38411286
38420750
38436479
38478792
38578498
38588048
38606600
38915268
38981074
39043568
39092876
39154538
39241636
39613474
39842945
39887192
39933387
40019774
40056026
40228036
40618545
40623481
40690889
40749644
40782032
40845263
41016120
41056797
41057131
41075529
41081829
41093997
41314079
41336082
41336580
41380785
7501159
7555987
7611014
7611015
7614905
7614921
7617197
7639634
7649129
7649130
7677010
7713061
7793376
7821268
7997562
8001512
8603647
8617171
8634483
8649578
8681897
8741191
8750318
8750319
8750320
8750324
8750327
8750333
8781635
8797534
8848199
8877167
8890773
8903075
8957013
8966792
8991172
9005864
9006416
9024187
9051038
9090682
9094086
9106155
9106286
9122406
9125716
9151466
9153474
9153610
9175483
9184604
9184605
9192184
9203250
9207533
9226659
9275915
9283110
9305338
9305339
9328249
9330016
9343124
9345482
9365376
9371926
9380535
9392573
9392575
9395813
9400362
9403474
9432153
9432171
9450767
9513195
9520008
9521267
9521268
9531429
9541299
9546496
9566001
9566371
9577995
9578524
9578526
9579938
9595989
9595990
9599389
9621360
9629421
9629845
9630274
9633726
9637603
9637606
9670901
9674779
9674780
9687920
9703166
9744626
9754423
9796013
9808269
9808311
9810933
9818898
9821981
9827767
9888052
9922820
9924899
9932939
9932952
