10025848
10029886
10070803
10072203
10091931
10100281
10193698
10199941
10204879
10211809
10211810
10227364
10231845
10232817
10319743
10329288
10349501
10363454
10380965
10385184
10398957
10400241
10416801
10416806
10441018
10450675
10450680
10450689
10458314
10458946
10471848
10478648
10493904
10501801
10501805
10505872
10515463
10525759
10532639
10534048
10547332
10554992
10579810
10580535
10582803
10591290
10601743
10608584
10628196
10630981
10641777
10647599
10661585
10664997
10666065
10666552
10667672
10673560
10679184
10683393
10695532
10698230
10700305
10716202
10716325
10746606
10749069
10750188
10755644
10765488
10768170
10768567
10768573
10769317
10805113
10808145
10860791
10862705
10864603
10869586
10875902
10899224
10918322
10923682
10931772
10941142
10950386
10952494
10971598
10988032
10994673
11007519
11008097
11011734
11021688
11021691
11021695
11026450
11045254
11098893
11105716
11105822
11114214
11121137
11123521
11159877
11164761
11166937
11176305
11182564
11187521
11189945
11200593
11216516
11216882
11223416
11232158
11234910
11300218
11304350
11318317
11322979
11323151
11325127
11333362
11337540
11339378
11381119
11383863
11384848
11385009
11386470
11389917
11401009
11409750
11410638
11411400
11431319
11438622
11438623
11443724
11445622
11451478
11459760
11473178
11525323
11525328
11525332
11526212
11534706
11554812
11560406
11567179
11585291
11587685
11590649
11595103
11604609
11641292
11684178
11686783
11696633
11740211
11746587
11750946
11752033
11758948
11768585
11781200
11784442
11797080
11797276
11797293
11814225
11820181
11837618
11838800
11848692
11884349
11931917
11932570
11936599
11960807
11969327
11969330
11969334
11976798
12005883
12011286
12034342
12042533
12043820
12074288
12088733
12124476
12124480
12126505
12126927
12138656
12151507
12151786
12163622
12163632
12163633
12165355
12166764
12172387
12172388
12173017
12183022
12199579
12215563
12271103
12271408
12349915
12357291
12361798
12368666
12377168
12379604
12404614
12408479
12418003
12439079
12468524
12483407
12488732
12488812
12495525
12498760
12507445
12510665
12519733
12539975
12544246
12557269
12571221
12577016
12595194
12597867
12599132
12605273
12621754
12624120
12632466
12634961
12637292
12664112
12677330
12679394
12679408
12703015
12704760
12705443
12725762
12731103
12749966
12760552
12762871
12768333
12791811
12801668
12811277
12817935
12843234
12873971
12880788
12880810
12897030
12902031
12914254
12916118
12920853
12931143
12948702
12948703
12956731
12960187
12971636
14504317
14512397
14537126
14561614
14568016
14568439
14568440
14568475
14568508
14571315
14571316
14585751
14599005
14602854
14606678
14609890
14643069
14680271
14682971
14683711
14696007
14702248
14703160
14705039
14705040
14705052
14725923
14725925
14725932
14725933
14732957
14738504
14740113
14741640
14745871
14752471
14967422
14972387
14978812
15005170
15012166
15020103
15027520
15027521
15039007
15043808
15055950
15070206
15072182
15073270
15080612
15084040
15090336
15095564
15100552
15120536
15129703
15132509
15147012
15165353
15167540
15174452
15181139
15182847
15185772
15189485
15196667
15201950
15214974
15219608
15221172
15229048
15230137
15246368
15248581
15252161
15294222
15301826
15329071
15338730
15344471
15344494
15351525
15450225
15473053
15487740
15490462
15501095
15504334
15511656
15534062
15536896
15538158
15544247
15549284
15562482
15585481
15588591
15588612
15589107
15601517
15603317
15625603
15629615
15650639
15653354
15670678
15670921
15678479
15678533
15691665
15701243
15703931
15707252
15711850
15726201
15728295
15729292
15734346
15734352
15734354
15737483
15746584
15750170
15752963
15769494
15772860
15773782
15778582
15797357
15799797
15811595
15821896
15837254
15846487
15850728
15850748
15850948
15872014
15872361
15874976
15876661
15878503
15899117
15909736
15926934
15930600
15937307
15944536
15955713
15961924
15975948
15976522
15982584
15985273
15988475
15993766
15996851
16037972
16079784
16084429
16112876
16122945
16129658
16142342
16142480
16150579
16153860
16155868
16167154
16193266
16198917
16204879
16216532
16226394
16236979
16237324
16253857
16264257
16268356
16272875
16304814
16319374
16324517
16330564
16333673
16337706
16357432
16376452
16381724
16389911
16390860
16391186
16402287
16411642
16412665
16417683
16424067
16426215
16427613
16432782
16435115
16447763
16458592
16479243
16525417
16533609
16552500
16565964
16597450
16603193
16603917
16604626
16617388
16640361
16644238
16644945
16687552
16687797
16696371
16696494
16697526
16707446
16707801
16713306
16715491
16722028
16752564
16757866
16784724
16788713
16791802
16822733
16823579
16830934
16831455
16844388
16849216
16861010
16894581
16896783
16904794
16931688
16948169
16952161
16953042
16989552
17000352
17010330
17014328
17019043
17024833
17024839
17035048
17043729
17051376
17068369
17069473
17070706
17095199
17100854
17108145
17112746
17112747
17113311
17133382
17149491
17171338
17175177
17200354
17201996
17204823
17212552
17218001
17222567
17228124
17260372
17264373
17271628
17271833
17274019
17275612
17276310
17280966
17282588
17282592
17286075
17291782
17302624
17303977
17314583
17315224
17325589
17333179
17343835
17344643
17360197
17368972
17374918
17379521
17389064
17401089
17401098
17401105
17404457
17413018
17415782
17426386
17440247
17440786
17450248
17462844
17475958
17484866
17490893
17494829
17504752
17504866
17516953
17536966
17548160
17555236
17555251
17574988
17586103
17627849
17627951
17631871
17638594
17644463
17649913
17650397
17654893
17662548
17664549
17679066
17680602
17684521
17699676
17707104
17763339
17785670
17825582
17826940
17868102
17873372
17873968
17881015
17889599
17899296
17899740
17913515
17919734
17919925
17921027
17942814
17946432
17958487
17966240
17979120
17981436
17996383
17999607
18002155
18002275
18002734
18003381
18006613
18029993
18035523
18051063
18057197
18072236
18090877
18098228
18176804
18178485
18196798
18203636
18217207
18228024
18269651
18279326
18284348
18296069
18334430
18334435
18334537
18344438
18365553
18367048
18367603
18383268
18392119
18395387
18406628
18406935
18438218
18440959
18441076
18445694
18455481
18458606
18460748
18465749
18468692
18479872
18498034
18508219
18514787
18525309
18528184
18539558
18540778
18541344
18547913
18565765
18592223
18595803
18599398
18600265
18608515
18633777
18644454
18648924
18649348
18653680
18661110
18670052
18672420
18683566
18686056
18688137
18690373
18690393
18693298
18695582
18701392
18703612
18709345
18771344
18781431
18791159
18796430
18802509
18813172
18823231
18823398
18848897
18949656
18956461
18976951
18977091
18978442
18985051
18985343
18992759
19001696
19008074
19016605
19019011
19021411
19034901
19041041
19072896
19075356
19081775
19091905
19116189
19135215
19150784
19158297
19163448
19182323
19194794
19196315
19199409
19205838
19210254
19218733
19223421
19229093
19242052
19267382
19268916
19272998
19280703
19288099
19293824
19294652
19302163
19321919
19328233
19328235
19330172
19339192
19339462
19339493
19340101
19345737
19352638
19353674
19360455
19365799
19366800
19367446
19369021
19375695
19385014
19393011
19401708
19403369
19405658
19410589
19420418
19424100
19424359
19427907
19436106
19442538
19443630
19447853
19457365
19457368
19463854
19465739
19470850
19470851
19472644
19475648
19478379
19494599
19497366
19515521
19515831
19531317
19536435
19539035
19544811
19556548
19567939
19579194
19580873
19584890
19585350
19585386
19605520
19606303
19617317
19617338
19620139
19635016
19635368
19635576
19639164
19658029
19658539
19665923
19666127
19682492
19685235
19690023
19690030
19712744
19727695
19733509
19748078
19756020
19767914
19776526
19781939
19794772
19806406
19809102
19809125
19830465
19837771
19838768
19862687
19875044
19900376
19904285
19910436
19914383
19921416
19922588
19928065
19928070
19928110
19929327
19931564
19941962
19947462
19950967
19963905
19964721
19994497
20006718
20017002
20023324
20026226
20035398
20037762
20059314
20068448
20069293
20095463
20097609
20107244
20116955
20145363
20172799
20190005
20199918
20199934
20201893
20215445
20235096
20235336
20304726
20336690
20364345
20371913
20394759
20394901
20408241
20419053
20421249
20426083
20426143
20432301
20432340
20436790
20441384
20442799
20444445
20448078
20456889
20485535
20490426
20490606
20493196
20505223
20521082
20524071
20526410
20528824
20535650
20539268
20541286
20545013
20554734
20558203
20566862
20574772
20584645
20600598
20600989
20614485
20632551
20643193
20648238
20693390
20707839
20736963
20799025
20800649
20821163
20831478
20832486
20833060
20847175
20851770
20861435
20868757
20871138
20887043
20888706
20889428
20890375
20933331
20957581
20964184
21056579
21068595
21081825
21083626
21086568
21095755
21096806
21097202
21098912
21098924
21105284
21134470
21135713
21144688
21146453
21152368
21158319
21165540
21182966
21184291
21204760
21205694
21256220
21275980
21278803
21278826
21285081
21287170
21289180
21294207
21295145
21296443
21303859
21308373
21315286
21319269
21320609
21323415
21337404
21339831
21361219
21361362
21368033
21386142
21391267
21391281
21394770
21406234
21428073
21440069
21443696
21446035
21457336
21464612
21484373
21484934
21497660
21498531
21498852
21508441
21513966
21536055
21547601
21547846
21562060
21562280
21574047
21620978
21620984
21636095
21640135
21647807
21656104
21670386
21677166
21682600
21692019
21694180
21714745
21724283
21725803
21729758
21736455
21740632
21741755
21761688
21761995
21761996
21770921
21775178
21782272
21810451
21811290
21815376
21831648
21839842
21841906
21843779
21847315
21858996
21862179
21906662
21908036
21917392
21928636
21934192
21937775
21953816
21970976
21971079
21976411
21982568
21989805
21992396
22005444
22016480
22025735
22031874
22033780
22052158
22065872
22069162
22098415
22101493
22114283
22125269
22138125
22151447
22156740
22163117
22173841
22191657
22197090
22201061
22202882
22209784
22213776
22223079
22227138
22235098
22252120
22255441
22261783
22267543
22290428
22293496
22300959
22302842
22336370
22345528
22351954
22368322
22377262
22380375
22395209
22401755
22415740
22416392
22432905
22464337
22465640
22472843
22498690
22505340
22547469
22559655
22569192
22582045
22591861
22641359
22641837
22644868
22645108
22646241
22647928
22658706
22659001
22673802
22678885
22682903
22682904
22704247
22711287
22714690
22750792
22753723
22755691
22755714
22760300
22760521
22773156
22781333
22782296
22784605
22790250
22800942
22828162
22830751
22875921
22892334
22894448
22899217
22927163
22928842
22937821
22941431
22955570
22961671
22965489
22967806
22971525
22975430
22975778
22977022
22993443
22995780
23011280
23019128
23030361
23039646
23044279
23051703
23053321
23054831
23055490
23060316
23065524
23074412
23084013
23089053
23097310
23099101
23103691
23103951
23127106
23132433
23134194
23137334
23163414
23202663
23207573
23219463
23221817
23247191
23255241
23283330
23286053
23296184
23297077
23298110
23298115
23305916
23317841
23325227
23357111
23363687
23385202
23385293
23391640
23403399
23412597
23417501
23420438
23427323
23441537
23442264
23442733
23446285
23458923
23463330
23463373
23465314
23466939
23470488
23478586
23478589
23485766
23486004
23492924
23526138
23527652
23529079
23531745
23535179
23556894
23556918
23568448
23571279
23572745
23596003
23611334
23632960
23635293
23643924
23681217
23684873
23701089
23701399
23718608
23742544
23742932
23756331
23785174
23795233
23799488
23799532
23830904
23864678
23877974
23892635
23896989
23912223
23918837
23921901
23927299
23928910
23940301
23954175
23955476
23958947
23968211
23971458
23982186
23994127
23997524
24006229
24009396
24012359
24018304
24018780
24029620
24045061
24055185
24076452
24080400
24081448
24084831
24089922
24110132
24111236
24128734
24135967
24142842
24155295
24168381
24192636
24200697
24201011
24201012
24212504
24213958
24217067
24231554
24237860
24263086
24267664
24274366
24293562
24308753
24319305
24320539
24321307
24335566
24345389
24345533
24351981
24374574
24387523
24393147
24403412
24407931
24434293
24434600
24435045
24453176
24456204
24465286
24478343
24504259
24511645
24513279
24515193
24531048
24533988
24549286
24557029
24562650
24595343
24603463
24607530
24637002
24647993
24669789
24694123
24694154
24714778
24744200
24745748
24746775
24753982
24760903
24768145
24769266
24771280
24799620
24800813
24824979
24834144
24838249
24841729
24857826
24858066
24859803
24870443
24917693
24935991
24960367
24965509
24970023
24989392
24989406
24989410
24990401
25001038
25008350
25012096
25012829
25017192
25019817
25023958
25024424
25044370
25049221
25051893
25063039
25073167
25080112
25086529
25088392
25096024
25108042
25109711
25129140
25144559
25164868
25170985
25182664
25186392
25193358
25203991
25211629
25218619
25238646
25247914
25249170
25249407
25255296
25258307
25270364
25281979
25282525
25284301
25284739
25300215
25310486
25313234
25313236
25313657
25315244
25327879
25336029
25344750
25346467
25350656
25370661
25381755
25383509
25389905
25400292
25406902
25424579
25426229
25432772
25440340
25449743
25451530
25459525
25465068
25479020
25479422
25497398
25500829
25514112
25536495
25541094
25550069
25570472
25571094
25592995
25597445
25620492
25622772
25624073
25631544
25636911
25650552
25652496
25664566
25678488
25703231
25721269
25724321
25735284
25736696
25750463
25761601
25769367
25773994
26023254
26069860
26137052
26166931
26203928
26221690
26262132
26457321
26472880
26736739
26737339
26924348
26989921
27066654
27157462
27524847
28516627
28517510
28519045
28519832
28519998
8978389
9015070
9025759
9025765
9058045
9059011
9076641
9090589
9098213
9098216
9107663
9126060
9134116
9169574
9184887
9194134
9194135
9203851
9219178
9225813
9236974
9237289
9238495
9242293
9247529
9248257
9255178
9262998
9270489
9279911
9283100
9339445
9339447
9345552
9346428
9373023
9375303
9379201
9394409
9425182
9443759
9453855
9460523
9468617
9469157
9472829
9483631
9509534
9529289
9533143
9538909
9549495
9549687
9583578
9585356
9591574
9600987
9605717
9617903
9618570
9619191
9627342
9634568
9663897
9663898
9679222
9695661
9696477
9702707
9704266
9708499
9710389
9724004
9724076
9724382
9735432
9738678
9754116
9755949
9758216
9758737
9767540
9772106
9776275
9778189
9799347
9800714
9811559
9829589
9831093
9854970
9858273
9875348
9888394
9918731
9950717
