10619412
10920049
11257978
11304074
11410951
11527277
12202074
12679297
14580134
14700259
14709229
15563723
15924938
16229051
16928890
17136467
17204821
17306855
17360913
17978031
18211246
18316728
18375146
18843114
18973585
19118182
19231480
19393261
19401182
19413475
19449333
19478035
19587274
19642884
19643122
19897796
20034998
20617893
20844253
21452942
21613466
21618664
22184233
22332805
22475855
22674274
22753440
22875866
23019120
23055505
23341598
23345209
23370060
23883858
23883860
24012311
24070059
24227738
24345177
24396046
24480302
24523536
24612482
24738771
24745955
24828652
24996120
25471568
26026815
26733531
26739226
26787854
27068178
27344239
27798143
28129058
28241401
29124352
29218570
29355370
29636395
29683390
29784814
30565343
30572112
30726181
31306138
9549495
9582242
9588775
9736764
