24068551
24329034
24526181
24592963
24606031
24612094
24945709
24984958
25140560
25182743
25183555
25223844
25261445
25298199
25323700
25352166
25362525
25373846
25377694
25449529
25482157
25536905
25556214
25572411
25618904
25629415
25632140
25644499
25646866
25651064
25654501
25655625
25661058
25664726
25672482
25715271
25727497
25733379
25768099
25769320
25812933
25814469
25817631
25827959
25835426
25856740
25860658
25901203
25903500
25959039
25983400
25987330
25988463
25995480
26022857
26026289
26028194
26055632
26063911
26078386
26088967
26092521
26099619
26200045
26228524
26275067
26284764
26293889
26299160
26311395
26324898
26344059
26350468
26354322
26354924
26362247
26399236
26401701
26402116
26404018
26452682
26454815
26478196
26484929
26488590
26489979
26530221
26530404
26540113
26558708
26560730
26585056
26590270
26599058
26617288
26620033
26631894
26635213
26645189
26646994
26679216
26712857
26722848
26724781
26726932
26732626
26755768
26757195
26769912
26810719
26811253
26853805
26859219
26872344
26879253
26886102
26889898
26890769
26901360
26920674
26939636
26972054
26978060
27001827
27003218
27021778
27029053
27053210
27072014
27075439
27104903
27194245
27200505
27207511
27208859
27224435
27273474
27314528
27334648
27351671
27356737
27384542
27435367
27439681
27445213
27447790
27463684
27464638
27489094
27489336
27497488
27502125
27503449
27567843
27570907
27570951
27611586
27624723
27636847
27641922
27654968
27662439
27663021
27677318
27683898
27687251
27714552
27725214
27738991
27739397
27743250
27792009
27802239
27802240
27808568
27822488
27829310
27830632
27848119
27856361
27866269
27869301
27883214
27893013
27903310
27915581
27917536
27928380
27933416
27981671
27983552
27991185
27997711
27997993
27998326
28056655
28059556
28070928
28072380
28087578
28092323
28103749
28106934
28130745
28146248
28159906
28177183
28232170
28235777
28238701
28244174
28259856
28264983
28268100
28304293
28304299
28320224
28320226
28333776
28334915
28347360
28371180
28401835
28412510
28424392
28425061
28452647
28476213
28478685
28480617
28501822
28523532
28534652
28559417
28570101
28576172
28613974
28621768
28630377
28637289
28644924
28656347
28671125
28701109
28731453
28738334
28739995
28750498
28779478
28785992
28787730
28803444
28809668
28825953
28838910
28855404
28866781
28869463
28872040
28899785
28901577
28905640
28916463
28944718
28960637
28975416
28984590
28985936
28988390
28992395
29019036
29054435
29054917
29057579
29058357
29086152
29103041
29105114
29105977
29124352
29130061
29134465
29143870
29166323
29182198
29186371
29197086
29197216
29206491
29214483
29226866
29251844
29256051
29265081
29284291
29289335
29309493
29340793
29355105
29355451
29365284
29391909
29427182
29440536
29453242
29460357
29480174
29508660
29516092
29534203
29555429
29569252
29569990
29581536
29584904
29616472
29624440
29668866
29696595
29704037
29728749
29728772
29730823
29733957
29734226
29734953
29746400
29781643
29802593
29806222
29846004
29852777
29859220
29874102
29883011
29913130
29923666
29934780
29959509
29960960
30029282
30035155
30049750
30058519
30058761
30073554
30095582
30107413
30111185
30116768
30167865
30169711
30182624
30183086
30194648
30204241
30240096
30240509
30251758
30255971
30276811
30282732
30291183
30320576
30326496
30369528
30370983
30379118
30394220
30475767
30506397
30578340
30589303
30605431
30630176
30633429
30638083
30689572
30690666
30698757
30707189
30707358
30714241
30714955
30734849
30760634
30796570
30805850
30813750
30816616
30834979
30851133
30852650
30868957
30880661
30897955
30925612
30925614
30958372
31008274
31028692
31062381
31073964
31177233
31177556
31182509
31205125
31217828
31228866
31249310
31250445
31284766
31287716
31306118
31356209
31365137
31391394
31392920
31393654
31428914
31441517
31481163
31523140
31562527
31591898
31617796
31673773
31753134
32062656
32216234
34996199
18927345
19406906
19629426
19653814
19684248
19735480
19759202
19891807
19929329
19955783
19955785
19967597
20003584
20007241
20026458
20038441
20053886
20080096
20083207
20087893
20112261
20127871
20133780
20141309
20146921
20158954
20164326
20177696
20182057
20190005
20196488
20212429
20303069
20308780
20335036
20360166
20382629
20393800
20404309
20408734
20417658
20440289
20496755
20542982
20548124
20562756
20647266
20652311
20660866
20673934
20674934
20683185
20683187
20697052
20704640
20713947
20726753
20814988
20819990
20820793
20849398
20862456
20879247
20881128
20938027
20947212
20950283
20960930
20962229
20971753
21042206
21090900
21096481
21097307
21121521
21138751
21153383
21188308
21198635
21239854
21258152
21287156
21295377
21298310
21315749
21320991
21349378
21352827
21412659
21430171
21464361
21492080
21502759
21516545
21528366
21540080
21557880
21562201
21573926
21576912
21577214
21606659
21625137
21646331
21666130
21675596
21677378
21693490
21696410
21704173
21715632
21725803
21729418
21761686
21762843
21764791
21783023
21799209
21822699
21823158
21842406
21857031
21861675
21881402
21883853
21891869
21897354
21900560
21905095
21911696
21940093
21946269
21971454
21978320
21986680
21987568
21991849
21994389
21999692
22008265
22009274
22037958
22045516
22048958
22054629
22060063
22067221
22070867
22076840
22081869
22138162
22143952
22147775
22150750
22189451
22200654
22212839
22250442
22262538
22277302
22286950
22300873
22329857
22344582
22360590
22366770
22369232
22383132
22396079
22406442
22415119
22422381
22422803
22482446
22500698
22519463
22522963
22552897
22566562
22581200
22595033
22614246
22617448
22617632
22620487
22642502
22647478
22670877
22693145
22699847
22705168
22710919
22717469
22722668
22731907
22743119
22746999
22766739
22826630
22850347
22868886
22880630
22889797
22903128
22928231
22932755
22933816
22945872
22947919
22989901
22992154
23033449
23054671
23074972
23094592
23094707
23117721
23118193
23150101
23163417
23165087
23165972
23199140
23208196
23223206
23229103
23235646
23237858
23237885
23240997
23263196
23265637
23300105
23318128
23319314
23328472
23335390
23364872
23365241
23380716
23381548
23385293
23385487
23390180
23398586
23416451
23470155
23473554
23475817
23489366
23501053
23527654
23542864
23551078
23553468
23572495
23575995
23579325
23586325
23587169
23591639
23595762
23611351
23615766
23624495
23642578
23658085
23664945
23670589
23672654
23686576
23689018
23697290
23711773
23729473
23732817
23739983
23770414
23770804
23773427
23782825
23784725
23793393
23794681
23806137
23806174
23813535
23825407
23827226
23851400
23855491
23860029
23880959
23887281
23904492
23924172
23943190
23946000
23957226
23960247
23981357
23983029
23986267
23986300
24005336
24018008
24039027
24042580
24047381
24048857
24056533
24059444
24077574
24094712
24107968
24113470
24116842
24122788
24123413
24145484
24188368
24216133
24217279
24234359
24234836
24246274
24275797
24289467
24298901
24300238
24343258
24365676
24378604
24381231
24385135
24404822
24413622
24440597
24442602
24445987
24449748
24470336
24503555
24503614
24514874
24523536
24531155
24531157
24549970
24550543
24570279
24577455
24577466
24589068
24615897
24622944
24650064
24658081
24661162
24670291
24676439
24685291
24698410
24700453
24702449
24733620
24760339
24762944
24763631
24768717
24779634
24780899
24797333
24824204
24828652
24831931
24835403
24874830
24893591
24927705
24928930
24975023
24978633
24996793
25002573
25024321
25024335
25039251
25046244
25069435
25171901
25199981
25287597
25317628
25320782
25358680
25391316
25486718
25531687
25571419
25574747
25574752
25750687
26168376
27157482
29166751
30739618
30744720
31088224
31190662
31286349
31328716
31456251
31573679
31668596
31710340
31728624
31864019
31888419
31953029
32016814
32176761
32233273
32252540
32482919
32507758
32533819
32686948
32705569
32809046
32854531
33207355
33460185
33486486
39620843
15459077
15459079
15563725
15615814
15630363
15649088
15660647
15666327
15668210
15670229
15673663
15677609
15689356
15689742
15690653
15701837
15703387
15716518
15716537
15719074
15720173
15727616
15728437
15729733
15739047
15742440
15746224
15753238
15758048
15769497
15772951
15772953
15774439
15774455
15784710
15800453
15804920
15805001
15815583
15817644
15823984
15826258
15826967
15826996
15835285
15838577
15841415
15841677
15843422
15844669
15850502
15852386
15863793
15868717
15869317
15875911
15879018
15881525
15881528
15884631
15908747
15929098
15930045
15930054
15938707
15942956
15947061
15949236
15961982
15965697
15966754
15977297
15978017
15981721
15986731
15987275
15987579
15987709
15988623
15990714
15997014
15997015
15997600
16000632
16004619
16006705
16015442
16019380
16021963
16032689
16036465
16043895
16045067
16045068
16047521
16078183
16087447
16088140
16107352
16107356
16107368
16120878
16124082
16134735
16135618
16136863
16139733
16145126
16147579
16171034
16174176
16178033
16180210
16180709
16183552
16183616
16192724
16193841
16199831
16201122
16211531
16211615
16224919
16225562
16229380
16240349
16243219
16245070
16251138
16252889
16254883
16254993
16255007
16265841
16268374
16269396
16273542
16284969
16292168
16296442
16317254
16319024
16323251
16324238
16328511
16328530
16330597
16330601
16335290
16339793
16341578
16342284
16352689
16353365
16361588
16361608
16363641
16375198
16403183
16403821
16416436
16416468
16423207
16434417
16437396
16443591
16445000
16453044
16453317
16462620
16463648
16468502
16468947
16477583
16481807
16495328
16506272
16508621
16514368
16520004
16529627
16532952
16536770
16542513
16546860
16551451
16571767
16603714
16615426
16617388
16634468
16674611
16674764
16685984
16705038
16712583
16718653
16721735
16731723
16732830
16736484
16740583
16741206
16754352
16754598
16757978
16768752
16771179
16773268
16775126
16775146
16775278
16775670
16782717
16800842
16801462
16813919
16816233
16822246
16831987
16834705
16845570
16854205
16857855
16872066
16872091
16875340
16878708
16895961
16900757
16900815
16920883
16923324
16929014
16937152
16938018
16938092
16945915
16951784
16952916
16964340
16966586
16966587
16971677
16982542
16982549
16982554
16983683
16987245
17003069
17012070
17012685
17012932
17016213
17020482
17023008
17023697
17028118
17030534
17030535
17030755
17033628
17050709
17051432
17060407
17062771
17063984
17068012
17070455
17077132
17080438
17080724
17081804
17086416
17088691
17105480
17105986
17117340
17119311
17119543
17129187
17133383
17133399
17149496
17151173
17151993
17153406
17156699
17160803
17172552
17172610
17182396
17182580
17182771
17191414
17195884
17201996
17202544
17203597
17208452
17215478
17215532
17216756
17239043
17241097
17244179
17253974
17253997
17263004
17274494
17280517
17286075
17287499
17296841
17302626
17309188
17316990
17329473
17332904
17336502
17347250
17353375
17354149
17354796
17356339
17370340
17371413
17374952
17375973
17380245
17388190
17389003
17389461
17390315
17415082
17419833
17420404
17428266
17437282
17439980
17443018
17443493
17445248
17454685
17455878
17459179
17464690
17471288
17473851
17475791
17483532
17485785
17487133
17487228
17494829
17496739
17497130
17497646
17500448
17502554
17511854
17513197
17520437
17520616
17522784
17526022
17536969
17541057
17541785
17541799
17543209
17545743
17548505
17548547
17558500
17559542
17563906
17566201
17566965
17580660
17594185
17600520
17603401
17606661
17607152
17608298
17608555
17608908
17615284
17620879
17635480
17635590
17638304
17645453
17656372
17661837
17661924
17662005
17662928
17664549
17665284
17666083
17668943
17668956
17669863
17674276
17677503
17684588
17688633
17690056
17690869
17694258
17714373
17714375
17717602
17728454
17729011
17761972
17763497
17846202
17846768
17851192
17868055
17868279
17873103
17877297
17885256
17886002
17892384
17896791
17906338
17907600
17914326
17925319
17928965
17933000
17934894
17938576
17955491
17957704
17958946
17962080
17965995
17966240
17966721
17971665
17971791
17973781
17973920
17974940
17976961
17977738
17978028
17984345
17984853
17989279
17992686
17993072
18000804
18002399
18003752
18004945
18040118
18044586
18055860
18055927
18056159
18056239
18057117
18059502
18060695
18063564
18066559
18067174
18070217
18072487
18072511
18072515
18072830
18076530
18077531
18077536
18080129
18085554
18085868
18092568
18162699
18164583
18166613
18166822
18171363
18173425
18178777
18184777
18184933
18196801
18200623
18206241
18210807
18212229
18219225
18221282
18236036
18258310
18266874
18275331
18279011
18281408
18281886
18302644
18302723
18303973
18305285
18307268
18323752
18323753
18323864
18334583
18337401
18345992
18355682
18359777
18365828
18373810
18379765
18380760
18382271
18388350
18388734
18401022
18405084
18408365
18410442
18412267
18413706
18413890
18419841
18422527
18422547
18422840
18425832
18437637
18445746
18447716
18448745
18457505
18458208
18459546
18460045
18474742
18477120
18477182
18483267
18491512
18491965
18494829
18495880
18509047
18512758
18515278
18519527
18524386
18539249
18540914
18541740
18552829
18559614
18564153
18568083
18568559
18571798
18573827
18575459
18576918
18580874
18589506
18591915
18592043
18593276
18606038
18608677
18609334
18615011
18618193
18622403
18624960
18632543
18632890
18633772
18635705
18638181
18648902
18650327
18650530
18658073
18661420
18667399
18671900
18685833
18686056
18687644
18690556
18691235
18695590
18697557
18702717
18706660
18716203
18726967
18727673
18756086
18757332
18758379
18759150
18759938
18761412
18779509
18781582
18783283
18784377
18787658
18791267
18796186
18796430
18797315
18799601
18800007
18801033
18804916
18810556
18819025
18819184
18821346
18829595
18829871
18836134
18837902
18843853
18848443
18852926
18854867
18925717
18937049
18938677
18949656
18955688
18956406
18971445
18974647
18976348
18981325
18987974
18989014
18990710
19010858
19013251
19015086
19015486
19019893
19020205
19034772
19034901
19047468
19049718
19061377
19064755
19064767
19068486
19070231
19074013
19074979
19081458
19081857
19082309
19086197
19090413
19101639
19118170
19139311
19170662
19175815
19176813
19182474
19190727
19198144
19218873
19220544
19225235
19228667
19228848
19240054
19260027
19276543
19297506
19323870
19323967
19324376
19330195
19338509
19351220
19403795
19404149
19414722
19448188
19453901
19472156
19494431
19564769
19568984
19569130
19589501
19609911
19624389
19641318
19643925
19680143
19736599
19800241
19853720
19875958
19899565
19899566
19899828
19909307
19922388
19938680
19938682
19938683
19938684
19995843
20061230
20173686
20183015
21479482
22005989
24256898
26989966
10632099
10643714
10645733
10651032
10680764
10680767
10698045
10717898
10718556
10721187
10723172
10725959
10750010
10761350
10761367
10765042
10767090
10773558
10775534
10780634
10781101
10791680
10795100
10797171
10817581
10818983
10823306
10832522
10835119
10835124
10835938
10852783
10855761
10859011
10879664
10892695
10893595
10898302
10905440
10940679
10963181
10964875
10965365
10969450
10976426
10986988
10990503
11002312
11007378
11007807
11013373
11019789
11032615
11035346
11037170
11042907
11045680
11059455
11061920
11071507
11074977
11090011
11095140
11098793
11099159
11103681
11109855
11117541
11121466
11121995
11125751
11132942
11143250
11143256
11144770
11147923
11149700
11160463
11169880
11170218
11193177
11198532
11209521
11217688
11220735
11222456
11222790
11233615
11234906
11236838
11238542
11245345
11257931
11276368
11280935
11282793
11283394
11288857
11295854
11305868
11306644
11307225
11320160
11320162
11329206
11332460
11333370
11340225
11376462
11382961
11385009
11420008
11431326
11438606
11467916
11475437
11476387
11483931
11486904
11488573
11488898
11500993
11506648
11509643
11511909
11514641
11529246
11532726
11533537
11554884
11558800
11561035
11563438
11568549
11568606
11580771
11581007
11595100
11598311
11606679
11673158
11687701
11692039
11696470
11711732
11712852
11716044
11726375
11728838
11731425
11746940
11748317
11761477
11771974
11771985
11773433
11779280
11790639
11804281
11823267
11829209
11831069
11832712
11834198
11835371
11838382
11844889
11848709
11849166
11851030
11856112
11857990
11869426
11879362
11884358
11886054
11887869
11888834
11889239
11890488
11891835
11906219
11906506
11912090
11912121
11929020
11929581
11929808
11933997
11939938
11951196
11953633
11954059
11960807
11972095
11982486
11987068
11990201
12022068
12022250
12025949
12034784
12042625
12043417
12047693
12053127
12080867
12102139
12112176
12112408
12115353
12135962
12146805
12148854
12150464
12150744
12166102
12166632
12185227
12196244
12203685
12205170
12209961
12213640
12219847
12220382
12223382
12230944
12232551
12238616
12243506
12244083
12244085
12325075
12381687
12390977
12408309
12412730
12418359
12438467
12445882
12451150
12451466
12452913
12460253
12460257
12461263
12476580
12500925
12522764
12530616
12535005
12553341
12562581
12564772
12577293
12588894
12588917
12593416
12599119
12599273
12604293
12607227
12622510
12625772
12627821
12633158
12634489
12640066
12642277
12645681
12655577
12657667
12682334
12684997
12690052
12696247
12715032
12716263
12717671
12730538
12733681
12734319
12734667
12749713
12755036
12764053
12768524
12774302
12783250
12792328
12796837
12805122
12814379
12821791
12823502
12828859
12832254
12844524
12850516
12852552
12867520
12869596
12873997
12876259
12882003
12901777
12902311
12902389
12910839
12925933
12938127
12949791
12955398
12967923
12975292
13130343
14506172
14509045
14514445
14523776
14534252
14551697
14560061
14567169
14568818
14570838
14574492
14583423
14595651
14603060
14621031
14638592
14639697
14641506
14654860
14662551
14664479
14678611
14684393
14689508
14691060
14697004
14700259
14709990
14715954
14738419
14739838
14746249
14754781
14755834
14758386
14762593
14766646
14966162
14971633
14991255
15004322
15012644
15023818
15044548
15048631
15052786
15054073
15072425
15083527
15084793
15095561
15100618
15118186
15122701
15122718
15124990
15126732
15133471
15133815
15147320
15163167
15164782
15174536
15178934
15178938
15178939
15178944
15178946
15197809
15202829
15204341
15205490
15205837
15236402
15242941
15251914
15251915
15252752
15256342
15259648
15283738
15288382
15291289
15302055
15314128
15318960
15324365
15326083
15337656
15340932
15354391
15358979
15359002
15377696
15377698
15382253
15387862
15388899
15456443
15456932
15464121
15465977
15466824
15468996
15471372
15477398
15479679
15487740
15489381
15489396
15502603
15505973
15514410
15520071
15525284
15535057
15535168
15537185
15537193
15540907
15541070
15543026
15546813
15551110
15560704
15560714
15562429
15587662
15601519
15605946
15615089
15616172
15622592
15638298
15667413
15669671
15672931
15683953
15690621
15707021
15715038
15729883
15743028
15762360
15771403
15788269
15788281
15822553
15849896
16041289
16210224
17986552
10022678
10024961
10027489
10050895
10050993
10080561
10101553
10160462
10201421
10206162
10207485
10207651
10210906
10212312
10223261
10226314
10230524
10325452
10337980
10342176
10357184
10360128
10364643
10366198
10374757
10380153
10380825
10381605
10386530
10389671
10398947
10398962
10412530
10420997
10436110
10436338
10436345
10449119
10456764
10457954
10473358
10484104
10501054
10506724
10511333
10520947
10528937
10536924
10541600
10553987
10566379
10586335
10588471
10593699
10599766
10604746
10649682
10728188
10789271
10901930
10933454
11072429
7502722
7502728
7537597
7552831
7558809
7561924
7583723
7591904
7594158
7624108
7624828
7625369
7629253
7634710
7641752
7642420
7656519
7662343
7668134
7704675
7709421
7711879
7717616
7730730
7734554
7749433
7776650
7786906
7787722
7873115
8540274
8550751
8574634
8579180
8584469
8586103
8593911
8595478
8608501
8624092
8641154
8643754
8657528
8664023
8689178
8689819
8713508
8719784
8722991
8726444
8748820
8748823
8748865
8751292
8752524
8753686
8757022
8767834
8775111
8780549
8797948
8800448
8808235
8811996
8819805
8831435
8841716
8841961
8851589
8866497
8866498
8883726
8886783
8892197
8892449
8929177
8937850
8943061
8961762
8977870
8986148
8987760
9000396
9009991
9010401
9022581
9029063
9032860
9046073
9061527
9065319
9065644
9079436
9079444
9079445
9088016
9090765
9109887
9111678
9117156
9125732
9127810
9128958
9151232
9151233
9153520
9154081
9160341
9161704
9169538
9169712
9172907
9177231
9177767
9186208
9193168
9202564
9217036
9217686
9226669
9230639
9232276
9237433
9240976
9261341
9268812
9269644
9273862
9278624
9290714
9303055
9313640
9327499
9330181
9339671
9372504
9372556
9373798
9391601
9396944
9400363
9401656
9406703
9408100
9444492
9445180
9448373
9464207
9467164
9485069
9499065
9510128
9510382
9510387
9524799
9531128
9532428
9542891
9542894
9545179
9547755
9549600
9556245
9566510
9575420
9576298
9577668
9579669
9584871
9613489
9616140
9626713
9637118
9650427
9655307
9656252
9667565
9667597
9674793
9679781
9679785
9680572
9687405
9693235
9703164
9703166
9711123
9711365
9712014
9714383
9716189
9733289
9741789
9762962
9771784
9778192
9780898
9783789
9792936
9794011
9800424
9802185
9816211
9848589
9856190
9867585
9884490
9885802
9933792
9950711
9950716
9950718
1312459
1314112
1343218
1361765
1362615
1393416
1407978
1410315
1431960
1432037
1436456
1438669
1438713
1452747
1469470
1471870
1486115
1511219
1522271
1525975
1545020
1601649
1603316
1605084
1609867
1613412
1631214
1632744
1634154
1657336
1685226
1695079
1719135
1733490
1733962
1735210
1742584
1749996
1754956
1773777
1781494
1789694
1790371
1837317
1866529
1896219
1952667
1953418
1956737
1966282
2021792
2044589
2088347
2106374
2158382
2176356
2218593
2307846
2323169
2331380
2333824
2340697
2344264
2382025
2402684
2451717
2498324
2500859
2505772
2529273
2552484
2585027
2594337
2598113
2599826
2612174
2643686
2656604
2659134
2692549
2709053
2711903
2716485
2717950
2723988
2734968
2737535
2754585
2773493
2783351
2785845
2787008
2793452
2794259
2804895
2808046
2811890
2817836
2819587
2835381
2842546
2902315
2911054
2911683
2912999
2918601
2918979
2919363
2924094
2928496
2928920
2980069
3165977
3173502
3191676
3192303
3225637
3227128
3263666
3268164
3343262
3344487
3365041
3369966
3396021
3398183
3398739
3411993
3736773
7507044
7701277
7712622
7738839
7759195
7800437
7822728
7831459
7846600
7847126
7902754
7903004
7904850
7931375
7939831
7943514
7976223
7976623
7977887
7981807
8026017
8044965
8047629
8081339
8082674
8083145
8145170
8169517
8183760
8202966
8211331
8227572
8228610
8230373
8238641
8248822
8248994
8252428
8255083
8265632
8266361
8280364
8283556
8290696
8307831
8318176
8330872
8339230
8341413
8346766
8370913
8389668
8391172
8392285
8396465
8416363
8420528
8424477
8437023
8459914
8472665
8479985
8491431
8579768
