25511791
25997918
26859768
27819447
28045309
29760183
29771359
31305099
20805539
21534685
21712804
21998031
23142417
23448868
25385625
15563726
15741464
15841676
15982446
16167185
16199829
16417683
16512999
16534207
16838824
16952916
17133387
17214564
17381255
17469913
17476364
17483530
17488204
17525987
18052787
18187528
18240326
18363509
18370596
18511955
18572984
19003497
19406903
19587274
19897796
10769309
10769312
10790322
10806026
10903207
10931772
10988030
11002353
11026450
11034858
11034863
11050024
11054915
11069306
11113037
11133306
11133312
11162266
11162272
11189943
11241873
11352615
11515754
11549754
11554517
11571223
11697945
11697946
11702561
11707086
11713630
11733725
11771973
11848715
11906224
11906228
12061757
12126506
12139955
12240737
12377154
12414261
12427681
12495527
12498755
12507442
12631562
12722972
12727696
12803967
12946085
14674880
14700259
15056518
15084791
15098721
15165351
15165354
15200705
15309395
15465974
15505971
15541071
16010908
18429245
18642473
10320379
10349294
10511450
10574350
10600415
10601743
11671913
23968211
7708745
7846080
8524452
8670634
8822570
8931588
9038284
9121583
9175134
9187292
9223090
9299382
9305814
9343594
9343611
9345478
9626670
9665648
9704265
9758739
9863701
9927550
1679944
23968463
24578040
24591198
3277066
8232848
8410148
8430101
