24275831
24293562
24323497
24357646
24526181
24532700
24696182
24795442
24807817
24903627
24947462
25038426
25193949
25322925
25357006
25393839
25432772
25520437
25526598
25529014
25535307
25552570
25645425
25666756
25670029
25753781
25833968
25846746
25855888
25945779
25971857
25971928
26011391
26011577
26021304
26027740
26084531
26180206
26237321
26246443
26264353
26308966
26319407
26343988
26359751
26388147
26473985
26510167
26516171
26555033
26581912
26610386
26613332
26653846
26679192
26738361
26747088
26784537
26792441
26797854
26804333
26806872
26831302
26891710
26908926
26936075
26939631
26961943
26996601
27074029
27095357
27216819
27263273
27278664
27295200
27345375
27358453
27362389
27385157
27411574
27444935
27452238
27457416
27524285
27531626
27534862
27567869
27570893
27600363
27614922
27659185
27663021
27707194
27715496
27780839
27819477
27943592
27978801
27994159
27997290
28052779
28077722
28093022
28126372
28130745
28148724
28151495
28182902
28294458
28355957
28401285
28412558
28459134
28498277
28691844
28789578
28819323
28829051
28832300
28874449
28925716
28930284
28951452
28977574
28981646
29024175
29030974
29064475
29145910
29154589
29172002
29289371
29310889
29323526
29381374
29397562
29482671
29616603
29622050
29687649
29704001
29771359
29790868
29871712
29882627
29882728
29909784
30008118
30010874
30019703
30040708
30051327
30062613
30094544
30154290
30156503
30291441
30306886
30617213
30659756
30666763
30699438
30794869
30802854
30831312
30952600
30980125
31105553
31130571
31282006
31303261
31306138
31394491
31535135
19199416
19366289
19383937
19605520
19642881
19844211
19860794
19996309
19997039
20039023
20041475
20054816
20056024
20173665
20174930
20236568
20336690
20352396
20423700
20426883
20440296
20505108
20535125
20539026
20552497
20579005
20660746
20664231
20666600
20667170
20695652
20695685
20714060
20804287
20807052
20809855
20832448
20938177
20980590
21098967
21196949
21246667
21252550
21264650
21298512
21325514
21362742
21373973
21410483
21430137
21430161
21440069
21451018
21454914
21471389
21477019
21480834
21483437
21484950
21518701
21544071
21546927
21557888
21557892
21574047
21592050
21609676
21616985
21625010
21646526
21646569
21656872
21681221
21712804
21717780
21736455
21757014
21761688
21763528
21788526
21826481
21828200
21854998
21885736
21919920
21939610
21969422
21995793
21997421
21998070
22021252
22031872
22064161
22076808
22103784
22113088
22114100
22125269
22136615
22185061
22237494
22259064
22279217
22282432
22302842
22308408
22349497
22368970
22383502
22396427
22425723
22486330
22489578
22498079
22510246
22517323
22524295
22548898
22586138
22745498
22781311
22784605
22786703
22815523
22868937
22872692
22896722
22900624
22907274
22986775
23020994
23029866
23059859
23097310
23200084
23202663
23223532
23303334
23317795
23350907
23364872
23373319
23397317
23406695
23407275
23407973
23442156
23445167
23455991
23459322
23479657
23512930
23541231
23547242
23547243
23563963
23595877
23644585
23677490
23757765
23767925
23777332
23779051
23784668
23785164
23838052
23887809
23909003
23913733
23921439
23932915
23945233
23946275
24019460
24026225
24047389
24062451
24065729
24080950
24093627
24115202
24116842
24119861
24136199
24136926
24145410
24155309
24229474
24254747
24291504
24305681
24307490
24366575
24453176
24502903
24569686
24659134
24706395
24729034
24742227
24763910
24773415
24790211
24800986
24830787
24847853
24876345
24893320
24920451
24958687
24961871
24973815
25071023
25071182
25204866
25205006
25208190
25277690
25280904
25304885
25464758
26165305
29294627
30570314
30820857
30957353
31399924
31605399
31713099
32160766
32170447
32231295
32267660
32294538
32312660
32325519
32392573
32410545
32546139
15238433
15543554
15544421
15579215
15643429
15651051
15668720
15700721
15709808
15711850
15722899
15746230
15758155
15769206
15772354
15814009
15814441
15826972
15826978
15841675
15843789
15852470
15858420
15880108
15891585
15899117
15901409
15904548
15913008
15930376
15940493
15954139
15965999
15969909
15998190
16001441
16033888
16042034
16060826
16079407
16091536
16102231
16102232
16106488
16110274
16135780
16167193
16171288
16179666
16180619
16180620
16180622
16180624
16180627
16197682
16197690
16209427
16237324
16237363
16269113
16272875
16284969
16290890
16306271
16319374
16320092
16340203
16342150
16364058
16364137
16387647
16395871
16396094
16400256
16404736
16417680
16421302
16421311
16422822
16452666
16495939
16508348
16510720
16512999
16513004
16513006
16525049
16525417
16530880
16534206
16565998
16585452
16604320
16636288
16671081
16672649
16683506
16685905
16707739
16715491
16717257
16735951
16768362
16768364
16770797
16775140
16796996
16815966
16822972
16839292
16839301
16861608
16882026
16899039
16913952
16914925
16944483
16957953
16966840
16989546
16989551
16989552
17007234
17007235
17014375
17065458
17065463
17069484
17074949
17080442
17089374
17099602
17129192
17133392
17133397
17133402
17158560
17159818
17162995
17164821
17182773
17236244
17243354
17265148
17274018
17274022
17280517
17290371
17290373
17298595
17301186
17310866
17329469
17334204
17334205
17334214
17335394
17358019
17381255
17381257
17400196
17409238
17434419
17442821
17471059
17479980
17488202
17492693
17517680
17522324
17525987
17536965
17536966
17538951
17546682
17583991
17617989
17626038
17634374
17636131
17672384
17699624
17715350
17784808
17804479
17804811
17828390
17855604
17873494
17878731
17892385
17918712
17928444
17938635
17958487
17958488
17993204
17999985
18030926
18044582
18044634
18052782
18057197
18166607
18176077
18183443
18189000
18194182
18197269
18201130
18203694
18208887
18208900
18211230
18216206
18234518
18257001
18275335
18284346
18284348
18292747
18303978
18305285
18305932
18308706
18327832
18337404
18345980
18345985
18345987
18385328
18385330
18388729
18416674
18448644
18457512
18466410
18476994
18495886
18509047
18560059
18562599
18573836
18577292
18587392
18589507
18605868
18617738
18632934
18633774
18654087
18690393
18702587
18723676
18723901
18753378
18756092
18768725
18799681
18802798
18814461
18815263
18829695
18832559
18925717
18947356
18978666
18985116
18985123
19005068
19042912
19044213
19046396
19047324
19048446
19065146
19073426
19074015
19088741
19091969
19139843
19163753
19163793
19174537
19184997
19199409
19202337
19236162
19246323
19378878
19423779
19473471
19486944
19490513
19552309
19553210
19620107
19637012
19641250
19658029
19679763
19685956
19727598
19739909
19741139
19811532
19825351
19846703
19884612
19947462
19955414
20095463
20426143
26989921
27157704
10607400
10643727
10671402
10679186
10683827
10683845
10686112
10686115
10731771
10769314
10769315
10806028
10806029
10808145
10841995
10852226
10852235
10860787
10860792
10871012
10875899
10875905
10888341
10913323
10923671
10928739
10940680
10943726
10944409
10950912
10980732
11002354
11003272
11032614
11034857
11034863
11034866
11037096
11053229
11055257
11095535
11098794
11104962
11112400
11112403
11133304
11177419
11198706
11216882
11232158
11247643
11263683
11296717
11304076
11305889
11305902
11338050
11345973
11352614
11373136
11388925
11407441
11426342
11435947
11439722
11459880
11467901
11467923
11501735
11506643
11506651
11506652
11506653
11523277
11525336
11525339
11525340
11530838
11532605
11549618
11564318
11564325
11590113
11677398
11697932
11707089
11707097
11707105
11707642
11723198
11726774
11733723
11733724
11742236
11746723
11784444
11797080
11798267
11798278
11848695
11848716
11859197
11870922
11872615
11906222
11906233
11906238
11930153
11931287
11960892
11969318
11970781
11970783
11970810
11973474
11998736
12005883
12030819
12030821
12030830
12080488
12112769
12126504
12135969
12146659
12150424
12151507
12167257
12167261
12187466
12191458
12202075
12202080
12202095
12202103
12218703
12244209
12353245
12377135
12377143
12377172
12388609
12404614
12414293
12414298
12419128
12452585
12455680
12467100
12467124
12482070
12482094
12488794
12495525
12495527
12498753
12498754
12566291
12590842
12591633
12632466
12639338
12667722
12708533
12805308
12807408
12814380
12821793
12904807
12914254
12943324
12943328
12944506
12944513
12958082
12958206
12965041
13680443
14505331
14506401
14511531
14511532
14561934
14565025
14584558
14584560
14585751
14586167
14588230
14600490
14614811
14674837
14704218
14709231
14716732
14749289
14755597
14762135
15004563
15006042
15072678
15102907
15106844
15106845
15108303
15129155
15140927
15142964
15147492
15164897
15165352
15165353
15165356
15167540
15174923
15178942
15178945
15195290
15202106
15204056
15221201
15229057
15232289
15259886
15291720
15291722
15298780
15298782
15305123
15382253
15453978
15470151
15486494
15491269
15506872
15535173
15536300
15538174
15564579
15570506
15570507
15570509
15574744
15590616
15601523
15620227
15640752
15700505
15849894
15849896
15849897
15849900
16908994
19424359
10102821
10198130
10353369
10363454
10417247
10432178
10458942
10458945
10495195
10524597
10527065
10536086
10591898
10601740
10716202
7477346
7771636
8541254
8551361
8637437
8670636
8670637
8670685
8691239
8693972
8708683
8714706
8736565
8742429
8783220
8797239
8797896
8864300
8904746
8931584
8946428
8988793
9080445
9106758
9110329
9121584
9141052
9152110
9177249
9212721
9223090
9238495
9322207
9339453
9343598
9345543
9347483
9365369
9382475
9391022
9437772
9448244
9448576
9471116
9476949
9478894
9547077
9549687
9558642
9598706
9600987
9601664
9619196
9628425
9634568
9669104
9673660
9673671
9753190
9758741
9805320
9810479
9829574
9856538
9918736
9990848
1421133
1499309
1791928
1815891
1877728
1888800
1985266
2296583
2400544
2487185
8061298
8078943
8347806
8430100
8510752
