16284758
17828390
19641250
20521853
10102821
10363454
10363956
10380965
10417251
10424411
10471848
10472197
10495195
10524597
10601743
10771413
10771414
10790322
10841995
10888341
10903207
10928739
10933215
10944414
10950912
10988030
11034858
11034863
11034866
11112400
11112403
11133317
11162272
11162278
11209958
11216882
11232158
11388925
11407441
11439722
11467901
11467902
11525330
11677398
11697933
11697945
11707105
11733724
11797080
11798384
11848695
11848697
11906222
12005883
12169242
12404614
12419128
12455682
12480582
12507442
12588917
12606841
12639338
12722972
12803967
12821793
12914254
12946085
14514445
14585751
14614811
14674880
15164897
15165353
15165354
15167540
15305123
15382253
15505971
15651051
15700721
15711850
15746230
15899117
15901409
15913007
15998190
16106488
16167193
16170092
16197682
16324382
16417683
16512999
16839292
16966840
17069484
17129192
17172552
17381255
17458447
17520437
17534651
17551932
17672380
17892391
17993204
18052787
18055942
18181241
18211236
18284348
18416672
18597227
18661163
18690393
19003497
19047359
19163965
19536435
19694254
19727598
19947462
20095463
20408241
20426143
20695652
20813639
20850598
20957583
21213412
21252551
21480025
21574047
21778672
21905803
21937800
22103784
22185061
22237494
22582967
23029866
23037186
23404883
23968208
23968211
24110344
24683964
24738536
24742227
24773415
25024335
25107615
25205006
25464758
25571467
26165305
26410528
26989921
9080448
9153677
9175134
9212721
9223090
9238495
9287370
9413882
9549687
9626670
9626676
9665648
9669104
9704261
9794011
9831471
9843238
9869705
9918730
9918736
9926099
9950711
