10050895
10072204
10088897
10102821
10327426
10349294
10385576
10402587
10493897
10545400
10695527
10716869
10769309
10853949
10860798
10913319
10943726
10944407
11087770
11144754
11169871
11216882
11230094
11232158
11333372
11339378
11352627
11378887
11388925
11410948
11414583
11439722
11506649
11549618
11590113
11680506
11733724
11790634
11811830
11848695
11848709
11906222
11930236
12004195
12030825
12030827
12030832
12030833
12030834
12165380
12165479
12169246
12202089
12203346
12203684
12379604
12495525
12507445
12520413
12667527
12706224
12714175
12729491
12803967
12814573
12821793
12874776
12880802
12948704
13680443
14520337
14527620
14568456
14614811
14628755
14673806
14704218
14964560
15006677
15050563
15050594
15050595
15083528
15110021
15164897
15165354
15165355
15184616
15189475
15193596
15219606
15238433
15277622
15338730
15344487
15344494
15351766
15368088
15381714
15456816
15519761
15535172
15545327
15562431
15588616
15589105
15627578
15671857
15691723
15706227
15707905
15734359
15746230
15746486
15750701
15808966
15808976
15808990
15857698
15883354
15899117
15901409
15903115
15917455
15921937
15929098
15958738
16087440
16142781
16150579
16177511
16192338
16211802
16263844
16269249
16281292
16305825
16325382
16337110
16356329
16364661
16368249
16387401
16404736
16414278
16416329
16418844
16494687
16497521
16500831
16512999
16525130
16563803
16565953
16596618
16685905
16707739
16768370
16769226
16814889
16823468
16823492
16833694
16839289
16844388
16908493
16934301
16961940
17014375
17024841
17027486
17061117
17069484
17129192
17162995
17163350
17174987
17201512
17209415
17239619
17258909
17301679
17318835
17329129
17336947
17339089
17354687
17381255
17385077
17431059
17435599
17482836
17524674
17536966
17538951
17617658
17631362
17633723
17636560
17651008
17654574
17662699
17889562
17890108
17896597
17924553
17925295
17946435
17947338
18002175
18052787
18060720
18064589
18155926
18163826
18165105
18211236
18271738
18279324
18284346
18287125
18314351
18337016
18370603
18378168
18395472
18400794
18407525
18416672
18483003
18541277
18547821
18564039
18584891
18589827
18601618
18633832
18635705
18667160
18686056
18691661
18805493
18807983
18823250
18823252
18923039
18978666
18985324
18993006
19012106
19015093
19018949
19028549
19041332
19041348
19059349
19074215
19084070
19087165
19103972
19146292
19162048
19162204
19170163
19172646
19188601
19216061
19255058
19269334
19281801
19281849
19303449
19341805
19383937
19400684
19414052
19414462
19429163
19446348
19463958
19479729
19494424
19500677
19530275
19543005
19567939
19580380
19605520
19643117
19678593
19687293
19698726
19709652
19727598
19747552
19809575
19830267
19861234
19878729
19890012
19906809
19946611
19958837
19964852
20100882
20107051
20116955
20124742
20125056
20171288
20184959
20203180
20221947
20362488
20417065
20433774
20434468
20435051
20457861
20472074
20486013
20494266
20599621
20661837
20674279
20861384
20865250
20876002
20879309
20933056
20963818
20970507
21051084
21077136
21097958
21111514
21183458
21195584
21228454
21229617
21238433
21241745
21258093
21275607
21295145
21296027
21303384
21324775
21331932
21368033
21415225
21526446
21543181
21543191
21574715
21601433
21609770
21616985
21680848
21692148
21729758
21757013
21775675
21782395
21824753
21839177
21841202
21859598
21878057
21884803
21889196
21969982
21995037
22003699
22015572
22020117
22027197
22047964
22049420
22055016
22083731
22103784
22110002
22113486
22114292
22125269
22142759
22185495
22196111
22197699
22201469
22237494
22242637
22256189
22256225
22275476
22302550
22390321
22393216
22399779
22419679
22484308
22484408
22518828
22534570
22542665
22564480
22564482
22565029
22569063
22571460
22584225
22609453
22611015
22613230
22678838
22697603
22721259
22732555
22787035
22820235
22836369
22847906
22868880
22889940
22895703
22905823
22929298
22939874
22951257
22982104
22992491
22993433
23001457
23024573
23029866
23041526
23087780
23096056
23109699
23146994
23151990
23164731
23183709
23202660
23206530
23216771
23285614
23286055
23286129
23317795
23333417
23367359
23370055
23422370
23435215
23462677
23485851
23486950
23489402
23507390
23516286
23517604
23520599
23540281
23563963
23624171
23647559
23681172
23684863
23684873
23735261
23743135
23748499
23749875
23767925
23784074
23793722
23796543
23798414
23804108
23823155
23828255
23832746
23842600
23849992
23867077
23876245
23879877
23893849
23906265
23913754
23927901
23937691
23938321
23968211
23973765
23974949
23975276
23978652
23981437
23988271
24022592
24038744
24047381
24050219
24051117
24064071
24064075
24084165
24121027
24121202
24142148
24142432
24158790
24168220
24168381
24198320
24225489
24262376
24283494
24297329
24329333
24368264
24368777
24471481
24522972
24523549
24564471
24579200
24584331
24632466
24646613
24648366
24650600
24658234
24683964
24692319
24704944
24760946
24761154
24770914
24836011
24839377
24842002
24868029
24888442
25031254
25037922
25045065
25064666
25069111
25076802
25085883
25102420
25156160
25170021
25185759
25193358
25208740
25222292
25224997
25252868
25281280
25290886
25309135
25339617
25346952
25348065
25352455
25355487
25400305
25404661
25405938
25424579
25445059
25462037
25464921
25492804
25506108
25526329
25577575
25592183
25647751
25670029
25708317
25731885
25731989
25731998
25771712
26158965
26221670
26301527
26457321
26504255
26684070
26736741
26736831
29768909
41459196
9175134
9223090
9234470
9417973
9448576
9774715
9805319
9869705
9919365
