10024961
10027489
10050993
10080561
10081602
10101553
10160462
10198130
10201421
10204105
10207485
10207651
10210906
10211888
10212312
10230524
10333993
10337980
10342176
10349294
10353369
10357184
10360128
10366198
10366639
10380825
10381605
10386530
10389671
10398947
10398962
10420997
10432178
10436110
10449119
10456764
10467585
10473358
10484104
10495195
10501054
10506724
10510906
10511333
10528937
10540037
10541600
10549479
10556091
10559415
10566379
10586335
10588471
10591898
10599766
10601740
10643714
10643727
10645733
10649682
10671402
10674479
10680764
10680767
10683393
10683845
10698045
10718556
10721187
10725959
10731771
10749069
10750010
10761350
10761367
10767090
10769312
10769314
10769315
10770168
10773558
10780634
10781101
10789271
10791680
10791858
10797171
10806027
10809913
10817581
10818983
10823306
10832522
10835119
10835124
10852226
10852235
10852783
10855761
10859011
10879664
10892695
10893595
10898302
10900023
10901930
10905440
10923671
10933454
10943726
10963181
10964875
10969450
10976426
10980034
10986988
10990503
11002312
11002353
11002354
11007378
11007807
11019789
11035346
11037170
11042907
11053229
11055257
11061920
11069948
11072429
11074977
11090011
11095140
11095535
11098793
11098794
11099159
11104962
11109855
11121466
11121995
11125751
11133304
11133309
11143250
11143256
11144770
11147923
11162266
11168772
11169875
11169880
11170218
11177419
11198532
11198706
11220735
11222456
11222790
11233615
11234906
11236838
11238542
11245345
11247643
11257281
11257931
11276368
11282793
11287374
11293288
11295854
11306644
11307225
11329206
11332460
11333370
11334290
11337574
11338050
11340225
11352614
11376462
11382961
11385009
11388138
11407441
11410950
11420008
11431326
11435947
11437894
11438601
11439722
11467916
11467923
11475437
11476387
11483931
11488573
11488898
11500993
11501735
11506643
11506646
11506648
11506651
11506652
11509643
11523277
11529246
11530838
11532605
11532726
11533537
11554884
11558800
11561035
11564318
11564325
11568549
11568606
11580771
11581007
11587892
11594350
11687701
11692039
11696470
11706967
11711732
11716044
11723198
11731425
11733723
11733725
11742236
11746723
11746940
11748317
11761477
11771974
11771985
11784444
11798267
11798278
11804281
11823267
11831069
11832712
11835371
11835600
11838382
11848695
11848709
11848715
11848716
11849166
11857990
11859197
11869426
11872615
11879362
11884358
11886054
11887869
11888834
11891835
11900794
11906222
11906228
11906233
11906238
11906506
11912090
11912121
11929020
11929808
11930153
11931287
11933997
11951196
11953633
11954059
11960807
11969318
11970781
11970783
11970810
11983183
11987068
11990201
12003859
12022250
12025949
12030819
12030821
12030830
12042625
12047693
12099492
12102139
12110968
12112176
12112408
12112769
12115353
12122035
12123617
12126504
12126506
12135969
12139777
12148854
12148938
12150424
12150464
12150744
12151507
12165479
12166632
12167257
12167261
12185227
12187466
12196244
12203685
12209961
12218703
12219847
12220382
12230944
12232551
12238616
12240737
12243506
12244083
12244209
12325075
12353245
12381687
12388609
12408309
12412730
12414294
12419128
12428147
12438467
12445882
12451150
12452585
12452913
12455680
12460253
12460257
12467100
12468901
12488794
12495525
12495527
12500925
12522764
12530616
12535005
12544844
12562581
12566291
12574477
12577293
12588894
12588917
12589893
12590676
12592501
12599273
12622510
12625772
12627821
12632466
12640066
12642277
12645681
12655577
12657667
12690052
12696247
12715032
12727696
12729491
12729492
12730538
12734319
12749713
12764053
12774302
12792328
12805122
12805308
12807408
12810771
12811730
12814379
12814380
12821793
12828859
12832254
12852552
12867520
12869596
12873997
12882003
12902311
12902389
12925933
12943324
12943328
12944506
12944513
12946085
12948688
12949791
12958082
12958206
12965041
1312459
1314112
1343218
1361765
1362615
13679414
13680443
1393416
1407978
1410315
1421133
1431960
1432037
1436456
1438669
1438713
14506172
14511531
14511532
14514445
14523776
1452747
14561934
14570838
14574492
14583423
14586167
14600490
14603060
14621031
14638592
14641506
14654860
14663178
14664479
14678611
14684393
14689508
14691060
1469470
14697004
14700259
14709231
14709990
14715954
1471870
14738419
14741317
14749289
14754779
14754781
14755597
14755834
14758386
14762135
1486115
14966162
14971633
15006042
15006685
15012644
15022658
15022664
15025044
15025052
15048631
15050562
15054073
15057490
15068921
15083527
15085133
15093892
15095561
15100618
15102907
15106844
15108303
1511219
15118186
15122718
15124990
15126732
15133471
15133815
15140927
15147320
15147492
15163167
15164782
15165351
15165352
15177527
15195290
15197809
15200705
15202106
15202829
15204056
15204341
15205490
1522271
15236402
15242941
15251914
15251915
15259648
1525975
15283738
15291289
15298780
15298782
15302055
15305123
15318960
15326083
15337656
15340932
15354391
15358979
15359002
15377696
15377698
15382253
15387862
15388899
1545020
15451285
15453978
15456443
15459079
15465222
15465977
15465994
15466824
15468996
15470151
15471372
15477398
15479679
15487740
15489381
15502603
15505969
15506872
15514410
15520071
15522244
15528080
15535057
15535168
15535173
15537185
15537193
15538174
15540907
15541070
15543554
15544421
15546813
15560704
15560714
15563725
15564579
15574744
15579215
15587662
15588868
15590925
15595269
15601519
15601523
15605946
15616172
15620227
15622592
15627590
15630363
15638298
15640752
15649088
15651051
15660647
15666327
15667413
15668210
15668720
15669671
15670229
15672931
15673663
15677609
15689742
15690621
15690653
15700505
15700721
15701837
15703387
15707021
15709808
15711850
15716518
15716537
15719074
15720173
15721964
15722206
15727616
15728437
15729733
15741464
15742440
15743028
15746224
15746230
15746486
15753238
15758155
15762360
15769206
15769497
15771403
15772354
15772951
15772953
15774439
15784710
15788269
15788281
15788514
15804920
15805001
15814009
15814441
15815583
15817644
15823984
15826258
15826967
15826972
15826978
15833592
15835285
15838577
15841675
15841677
15843422
15843789
15849894
15849896
15849897
15849900
15852386
15852470
15858420
15868717
15869317
15879018
15881525
15881528
15884020
15884631
15888538
15901409
15903115
15904548
15913008
15914612
15929098
15930054
15930376
15938707
15942956
15947061
15949236
15961982
15965999
15969909
15973145
15977297
15978017
15981721
15986731
15987275
15987579
15987709
15988623
15990714
15993174
15997600
16000632
16001441
16004619
16006705
16015442
1601649
16019380
16019516
1603316
16033888
16036465
16043895
16045067
16045068
16047521
1605084
16060826
16078183
16087447
16087450
16091536
1609867
16102231
16102232
16106488
16107352
16107356
16107368
16110274
16120878
16124082
16125145
16130309
1613412
16134735
16135618
16136863
16137258
16139733
16145126
16147579
16171034
16171288
16174176
16178033
16180210
16180620
16180621
16180624
16180627
16183552
16183616
16197682
16197690
16199829
16199831
16207870
16209427
16211531
16211615
16224919
16225562
16237304
16253527
16254883
16255007
16268374
16269113
16269396
16284969
16296442
1631214
16323251
1632744
16330597
16330601
16335290
16339793
1634154
16341578
16342150
16342284
16352689
16353365
16361588
16361608
16364058
16382240
16396094
16403183
16403821
16404736
16416436
16417680
16421302
16421311
16423207
16434417
16437396
16443591
16445000
16452666
16453044
16453317
16462620
16463648
16468502
16468947
16481807
16483400
16488253
16492400
16495939
16506272
16508621
16510720
16512999
16513004
16513006
16515410
16520023
16525049
16529627
16532952
16541457
16542513
16546860
16551451
16571767
1657336
16580510
16585464
16603714
16609003
16615426
16617388
16634468
16671081
16672649
16674611
16674764
16685984
16702002
16705038
16712583
16718653
16721735
16731723
16732830
16736484
16740583
16741206
16754352
16754598
16757182
16757978
16768362
16768364
16770797
16775126
16775140
16775146
16775278
16775670
16782717
16794461
16800842
16801462
16816233
16822246
16822972
16824604
16831987
16834705
16839288
16839292
16839301
1685226
16854205
16857855
16871888
16872066
16872091
16876434
16878708
16895961
16899039
16900757
16900815
16904344
16920883
16923324
16929014
16934234
16937152
16944483
16945915
1695079
16951784
16964340
16966586
16966587
16971677
16982542
16982549
16982554
16983683
16989546
16989552
16989874
17007235
17009108
17012070
17012685
17014375
17016213
17020482
17021303
17023697
17028117
17028118
17060407
17063984
17065458
17065463
17068012
17080438
17080442
17081804
17089374
17105480
17105986
17119311
17119543
17133383
17133392
17133397
17133399
17133402
17149496
17151173
17153406
17156699
17159818
17160803
17162995
17164821
17172552
17182580
17182773
17185003
1719135
17191414
17195072
17201996
17202544
17214564
17215478
17215532
17216756
17218030
17236244
17241097
17243354
17244179
17253974
17253997
17258912
17263004
17274018
17274022
17280517
17287499
17290371
17290373
17301186
17302626
17309188
17310866
17321554
17329473
17331476
17332904
1733490
1733962
17350291
1735210
17354149
17354796
17358019
17370340
17371413
17375973
17381255
17388190
17389461
17390315
17392455
17409238
17419833
1742584
17428266
17437282
17442821
17443493
17445248
17452612
17454685
17455878
17460074
17464690
17473851
17475791
17478104
17483532
17485785
17487133
17488202
17494829
17496739
17497130
17497646
17499525
1749996
17500448
17511854
17517680
17520437
17520616
17522324
17526022
17536965
17536966
17538951
17541057
17541799
17543209
17548505
17548547
1754956
17558500
17559542
17563906
17600520
17603401
17606661
17607152
17608298
17608555
17608908
17634374
17635480
17635590
17636131
17638304
17645453
17652463
17656372
17661837
17661924
17662928
17664549
17665284
17666083
17668943
17668956
17669863
17672384
17673427
17674276
17677503
17684588
17688633
17690056
17694258
17699624
17712285
17714373
17714375
17715350
17717602
17728454
17729011
1773777
17761972
17763497
17784808
17804479
17804811
1781494
17846159
17855604
17868055
17868279
17873103
17877297
17878731
17885256
17886002
17892384
17892385
17896791
1789694
1790371
17906338
17914326
17920143
17924553
17925319
17928444
17933000
17934894
17938576
17938635
17955491
17957704
17958946
17959810
17963797
17966240
17966721
17971791
17973781
17973920
17974940
17977738
17978028
17984345
17984853
17986552
17989279
17992686
17993072
17999985
18000804
18002399
18003752
18004945
18030926
18044586
18052782
18055860
18056159
18056239
18057117
18057197
18063564
18067174
18070217
18072487
18072511
18072515
18072830
18077531
18077536
18085554
18092568
1815891
18160557
18162699
18166822
18171363
18171929
18173425
18178571
18178777
18184777
18184933
18189000
18191524
18195143
18196801
18200623
18203694
18206241
18208887
18208900
18211230
18212229
18216206
18219225
18236036
18245041
18257001
18266874
18268399
18275331
18275335
18279011
18281408
18284346
18302644
18302723
18303568
18303973
18303978
18305285
18323864
18327832
18329065
18334583
18337401
18345980
18345985
18359777
18363509
18365828
18370596
18370603
1837317
18373810
18380760
18382271
18384457
18385328
18385330
18387584
18388350
18410442
18413706
18413890
18416674
18419841
18422547
18422840
18425832
18447716
18448644
18448745
18455152
18457505
18457510
18457512
18458208
18459546
18460045
18466411
18474742
18477120
18477182
18483267
18491512
18491965
18494829
18495880
18495886
18509047
18511955
18514679
18515278
18519527
18524386
18533551
18539249
18540914
18541740
18559614
18560059
18562599
18568559
18571798
18573827
18573836
18575459
18576918
18577292
18588603
18589507
18591915
18592043
18602483
18605868
18608677
18615011
18618193
18622403
18632543
18632890
18632934
18633772
18635705
18638181
18639365
18648902
18650327
18650530
18650764
18658073
18661420
1866529
18667399
18668407
18671900
18685833
18686056
18687644
18691235
18697557
18702717
18708149
18716203
18723676
18723901
18727673
18757332
18758379
18759150
18759938
18779509
18781431
18781582
18783283
18787658
18791267
18796186
18796430
18797315
18799601
18799681
18801033
18804916
18810556
18814461
18815263
18819025
18819184
18821346
18829595
18829695
18829871
18832559
18833829
18837902
18848443
18852926
18927345
18938677
18947356
18949656
18956406
1896219
18976348
18978666
18981325
18985128
18987974
18989014
18990710
19005068
19010858
19015086
19019893
19020205
19023125
19034772
19041965
19042912
19044213
19046396
19047468
19049718
19061377
19064767
19065146
19068486
19070231
19074013
19074015
19074979
19081857
19082309
19086197
19088741
19090413
19091969
19092784
19101639
19118170
19132798
19159693
19163753
19175815
19190727
19220544
19378878
1952667
1956737
1966282
2013793
2021792
2044589
2073300
2101731
2158382
2176356
2218593
2296583
2307846
2323169
2331380
2333824
2340697
2344264
2382025
2400544
2402684
2451717
2498324
2529273
2552484
2585027
2594337
2599826
2643686
2659134
2692549
2709053
2711903
2717950
2734968
2737535
2773493
2783351
2787008
2793452
2804895
2811890
2812321
2817836
2835381
2842546
2911683
2912999
2918601
2918979
2924094
2928496
2980069
3165977
3171618
3173502
3191676
3192303
3225637
3227128
3263666
3268164
3343262
3344487
3349243
3365041
3369966
3396021
3398183
3411993
7477346
7502722
7502728
7507044
7537597
7552831
7558809
7561924
7583723
7591904
7624108
7624828
7625369
7629253
7634710
7641752
7642420
7656519
7662343
7668134
7682015
7701277
7704675
7709421
7711879
7712622
7717616
7730730
7734554
7738839
7749433
7759195
7776650
7786906
7793467
7800437
7822728
7831459
7846600
7847126
7857392
7873115
7902754
7903004
7904850
7931375
7939831
7943514
7976223
7976623
7977887
7981807
8026017
8044965
8047629
8061298
8078943
8081339
8082674
8083145
8145170
8158246
8169517
8183760
8202966
8211331
8213054
8227572
8228610
8230373
8238641
8248194
8248822
8248994
8252428
8255083
8265632
8266361
8280364
8283556
8290696
8307831
8318176
8330872
8339230
8341413
8346766
8347806
8370913
8389668
8391172
8392285
8396465
8416363
8420528
8424477
8430100
8437023
8459914
8472665
8479985
8491431
8510752
8540274
8550751
8551361
8574634
8579180
8579768
8584469
8586103
8593911
8595478
8608501
8624091
8624677
8641154
8643754
8653390
8657528
8664023
8670634
8670636
8670637
8670685
8689178
8689819
8691239
8714706
8719784
8722991
8726444
8742429
8748820
8748823
8751292
8753686
8767834
8775111
8780549
8797896
8797948
8800448
8808235
8819805
8822570
8825884
8831435
8841716
8851589
8866684
8883726
8886783
8892197
8892449
8929177
8931584
8931588
8937850
8943061
8977870
8986148
8987760
8988792
9000396
9009991
9010401
9022581
9032860
9046073
9059706
9061527
9065319
9065644
9079436
9079444
9079445
9080445
9088016
9090765
9110329
9117156
9121583
9121584
9127810
9128958
9141052
9151232
9151233
9154081
9160341
9161704
9169538
9175095
9177249
9177767
9186208
9193168
9202564
9217036
9223090
9226669
9230639
9232276
9237433
9238495
9240976
9261341
9268812
9269644
9273862
9278624
9290714
9303055
9313640
9327499
9330181
9339453
9342692
9365369
9372504
9372556
9373798
9382475
9391022
9391601
9396944
9401656
9406703
9437772
9444492
9445180
9448244
9448373
9448576
9464207
9467164
9476949
9478894
9499065
9500834
9510128
9510382
9510387
9531128
9532428
9542894
9547077
9547755
9549600
9556245
9566510
9575420
9576298
9577389
9579669
9584871
9591223
9601664
9605717
9613489
9616140
9619196
9626713
9628425
9632187
9634568
9637118
9650427
9651128
9655307
9673660
9673671
9674793
9679781
9679785
9687405
9703164
9703166
9712014
9714383
9716189
9733289
9740757
9741789
9753190
9761587
9762962
9771784
9778192
9780898
9783789
9792936
9794011
9798841
9800424
9802185
9805320
9810479
9816211
9848589
9853447
9856538
9863701
9865801
9867585
9884490
9885802
9933792
9950711
9950716
9950718
