10600415
11133306
11697946
11702561
11707086
12139955
12377154
12414261
12498755
12507442
14674880
8232848
8524452
9038284
9299382
9343594
9343611
9345478
9626670
9704265
9758739
9927550
10458942
10574376
10679186
10686112
10686115
10806029
10860787
10860792
10875905
10913323
10944409
11034857
11034863
11112400
11112403
11304076
11305889
11305902
11373136
11467901
11506653
11525336
11525339
11525340
11697932
11707089
11707097
12146659
12202080
12202095
12377135
12377143
12377172
12414293
12414298
12482070
12482094
12498753
14584558
14584560
15165356
15221201
15259886
15954139
15998190
16042034
16320092
16683506
16882026
17074949
17329469
17334204
17334205
17334214
17335394
17828390
1791928
17958488
18201130
18654087
18753378
18756092
1888800
1985266
8541254
8637437
8736565
8783220
8797239
8864300
8904746
8946428
8988793
9322207
9343598
9345543
9347483
9471116
9549504
9558642
9669104
9918736
9990848
