10458942
10458945
10536086
10574376
10679186
10686112
10686115
10806028
10806029
10860787
10860792
10875905
10913323
10944409
11034857
11034863
11112400
11112403
11304076
11305889
11305902
11373136
11373141
11467901
11506653
11525336
11525339
11525340
11697932
11707089
11707097
12146659
12202080
12202095
12377135
12377143
12377172
12414293
12414298
12482070
12482094
12498753
14584558
14584560
1499309
15165356
15221201
15259886
15954139
15998190
16042034
16320092
16683506
16882026
17074949
17329469
17334204
17334205
17334214
17335394
17828390
1791928
17958488
18201130
18654087
18753378
18756092
1888800
1985266
2487185
8541254
8637437
8736565
8783220
8797239
8864300
8904746
8946428
8988793
9212721
9322207
9343598
9345543
9347483
9471116
9549504
9558642
9669104
9758741
9918736
9990848
10198130
10353369
10366198
10432178
10495195
10591898
10601740
10643727
10671402
10683845
10731771
10769314
10769315
10817581
10852226
10852235
10855761
10923671
10943726
11002354
11053229
11055257
11095535
11098794
11133304
11177419
11198706
11247643
11338050
11352614
11407441
11435947
11439722
11467923
11501735
11506643
11506648
11506651
11506652
11523277
11530838
11532605
11564318
11564325
11723198
11733723
11742236
11746723
11784444
11798267
11798278
11848695
11848716
11859197
11872615
11906222
11906233
11906238
11930153
11931287
11969318
11970781
11970783
11970810
12030819
12030821
12030830
12112769
12126504
12135969
12150424
12151507
12167257
12167261
12187466
12218703
12244209
12353245
12388609
12419128
12452585
12455680
12467100
12488794
12495525
12495527
12566291
12632466
12805308
12807408
12814380
12821793
12943324
12943328
12944506
12944513
12958082
12958206
12965041
13680443
1421133
14511531
14511532
14561934
14586167
14600490
14709231
14749289
14755597
14762135
15006042
15102907
15106844
15108303
15140927
15147492
15165352
15195290
15202106
15204056
15298780
15298782
15305123
15453978
15470151
15506872
15535173
15538174
15543554
15544421
15564579
15574744
15579215
15601519
15601523
15620227
15640752
15651051
15668720
15700505
15700721
15709808
15711850
15746230
15758155
15769206
15772354
15814009
15814441
15817644
15826972
15826978
15841675
15843789
15849894
15849896
15849897
15849900
15852470
15858420
15901409
15904548
15913008
15930376
15965999
15969909
16000632
16001441
16033888
16060826
16091536
16102231
16102232
16106488
16110274
16171288
16180620
16180624
16180627
16197682
16197690
16209427
16268374
16269113
16342150
16364058
16396094
16404736
16417680
16421302
16421311
16452666
16495939
16510720
16512999
16513004
16513006
16525049
16671081
16672649
16718653
16731723
16768362
16768364
16770797
16775140
16822972
16839292
16839301
16899039
16944483
16989546
16989552
17007235
17014375
17065458
17065463
17080442
17089374
17133392
17133397
17133402
17159818
17162995
17164821
17182773
17236244
17243354
17274018
17274022
17280517
17290371
17290373
17301186
17310866
17358019
17381255
17390315
17409238
17442821
17488202
17517680
17522324
17536965
17536966
17538951
17634374
17636131
17672384
17699624
17715350
17784808
17804479
17804811
17855604
17878731
17892385
17928444
17938635
17999985
18030926
18052782
18057197
1815891
18189000
18203694
18208887
18208900
18211230
18216206
18257001
18275331
18275335
18284346
18303973
18303978
18327832
18345980
18345985
18385328
18385330
18416674
18448644
18457505
18457512
18495886
18509047
18560059
18562599
18573836
18577292
18589507
18605868
18615011
18632934
1866529
18716203
18723676
18723901
18799681
18814461
18815263
18829695
18832559
18947356
18978666
19005068
19042912
19044213
19046396
19065146
19074013
19074015
19088741
19091969
19163753
19378878
2296583
2400544
7477346
8061298
8078943
8347806
8430100
8510752
8551361
8670636
8670637
8670685
8691239
8714706
8742429
8797896
8931584
9080445
9110329
9121584
9141052
9177249
9237433
9238495
9339453
9365369
9382475
9391022
9437772
9448244
9448576
9476949
9478894
9547077
9579669
9601664
9619196
9628425
9634568
9673660
9673671
9679781
9679785
9753190
9805320
9810479
9856538
9950711
