10717898
11013373
11280935
11399378
11511909
11756013
11972095
12191458
12495527
12634489
12716951
14595651
14766646
15325412
15459077
15501593
15570506
15780849
15854790
15863793
15880108
15997014
16039604
16125458
16180622
16186026
16201122
16245070
16249098
16249100
16292168
16388969
16520004
16585452
16624961
16798016
16806986
16938092
16996751
17010993
17062771
17069484
17079679
17151993
17459179
17467008
17471288
17536969
17566201
17580660
17683220
17690869
17895916
17900903
18076530
18085868
18180761
18258310
18280091
18281886
18323752
18345992
18388734
18452757
18544183
18580874
18587392
18589506
18606038
18661507
18726967
18786365
18817740
18843096
18925717
19047074
19101126
19142768
19188539
19218873
19230621
19246323
19398537
19426817
19429172
19478067
19486944
19545612
19555702
19564769
19589501
19589502
19596037
19624389
19656642
19735480
19739909
19755202
19758762
19766164
19783103
19899828
19945471
19959343
19969089
19995843
20007241
20019072
20038441
20045475
20112261
20121862
20122699
20123031
20123913
20127871
20141305
20141309
20303069
20390600
20419567
20537612
20569645
20652311
20667170
20674090
20677866
20726753
20819990
20820793
20832448
20869375
20869847
20923694
20934190
20950283
21071182
21073970
21106812
21134897
21138751
21145535
21196949
21246665
21287156
21296865
21315749
21353194
21354262
21373973
21432689
21447417
21464361
21510979
21516545
21540080
21546094
21557888
21577214
21590316
21609969
21646526
21666130
21704173
21712804
21752141
21782901
21799066
21861676
21867991
21896496
21897354
21907809
21934411
21939610
21940093
21983057
21998031
22015853
22016480
22027088
22056201
22099606
22115148
22147775
22156722
22172658
22189289
22200654
22210673
22217960
22250442
22262538
22313617
22359374
22369232
22396079
22401827
22422803
22483075
22500698
22517323
22519864
22579718
22586252
22592057
22617448
22617632
22634856
22659393
22705168
22717469
22781311
22842815
22858151
22858265
22867951
22880630
22901627
22902147
22905826
22910460
22945621
22956671
22978709
22980587
23020994
23035965
23046115
23046830
23070746
23074972
23118193
23146247
23223803
23270876
23313419
23317795
23318128
23319314
23347587
23348009
23364872
23381548
23385487
23398586
23473554
23473846
23473935
23482626
23501053
23510795
23516294
23552182
23553468
23563850
23570916
23590840
23615766
23624495
23644585
23664945
23689018
23732841
23747981
23768841
23768862
23770414
23777332
23790741
23800487
23827226
23827769
23880959
23887812
23887820
23921096
23943190
23945981
23946000
23959199
23960247
23968960
23975275
23981357
23988760
24019460
24033579
24038518
24039023
24052803
24064198
24096027
24119861
24135432
24145410
24163827
24173657
24229474
24234836
24241476
24270731
24275797
24290886
24336349
24361542
24365676
24388670
24440597
24468022
24493837
24514569
24526181
24532549
24532701
24565362
24589068
24594871
24603021
24603024
24615897
24623788
24658081
24661162
24713451
24737710
24745476
24753211
24796655
24797333
24853295
24938878
24973815
24976454
24976515
24976633
24996397
25006969
25038629
25044747
25046244
25062597
25062841
25091404
25111474
25128588
25132653
25151338
25156399
25193002
25204866
25223844
25241803
25280904
25329241
25352166
25357006
25359589
25376429
25380765
25394948
25413183
25422962
25422963
25425031
25447334
25457931
25462895
25482858
25485181
25486718
25533974
25550068
25571419
25618212
25630572
25704752
25715271
25747011
25748884
25750687
25790021
25827959
25829106
25855888
25856740
25858294
25860658
25868002
25869157
25878275
25903500
25906795
25939653
25945779
25959039
25959594
25964502
25971599
25979311
25979609
25983400
25997918
26001666
26010458
26011391
26027740
26028547
26073417
26078386
26111649
26112339
26124129
26149610
26160154
26166623
26168376
26180190
26205176
26231122
26294367
26299297
26299299
26315399
26336869
26346640
26365712
26384960
26409018
26430731
26434802
26435254
26455808
26481674
26485059
26523791
26535947
26541373
26589772
26595470
26639452
26679192
26692636
26711488
26727534
26755768
26769550
26773671
26784537
26804333
26821063
26833918
26846195
26872344
26880595
26886102
26889898
26899786
26908926
26922247
26936075
26945530
26989966
26996315
26996601
27001211
27033686
27037525
27075439
27086251
27109356
27122030
27129440
27155070
27177109
27177299
27188219
27200505
27208859
27217106
27217113
27217119
27261160
27317928
27318594
27362389
27377788
27379614
27392071
27444935
27445208
27447790
27524285
27526666
27534862
27551094
27552717
27570951
27611586
27622993
27647695
27713804
27715496
27716544
27725214
27742889
27756046
27770743
27814960
27819447
27822488
27836708
27838143
27870505
27870942
27893013
27991185
27997290
28045309
28049082
28052779
28057531
28086128
28104573
28126372
28129555
28130745
28135845
28148724
28161309
28177183
28188856
28205606
28232170
28234596
28235692
28236738
28238701
28262184
28264983
28285207
28290265
28294462
28315125
28319687
28347360
28371657
28388995
28401835
28412510
28412558
28415008
28457805
28476213
28478685
28483719
28506079
28541079
28579154
28583387
28589968
28613974
28644924
28688264
28701109
28715908
28737296
28755988
28803557
28825953
28837828
28843088
28858660
28866781
28888770
28901577
28905640
28913886
28916500
28925716
28938222
28960669
28975416
28981646
28983519
28992395
29019036
29054435
29079320
29128142
29129791
29130061
29145910
29154365
29154589
29162186
29166323
29174743
29214483
29226482
29252164
29294627
29309499
29309854
29309953
29339309
29358097
29368421
29378280
29380360
29397562
29413143
29414563
29454977
29462339
29496127
29524099
29524918
29529407
29555429
29562053
29569801
29602255
29607288
29614348
29618853
29622050
29627273
29667267
29688873
29689500
29723776
29741803
29778804
29781643
29803001
29803529
29807152
29859220
29882728
29909301
29913130
29934780
29935207
29935441
29954697
29969580
29981785
29990584
30005995
30008118
30025312
30056197
30058519
30058761
30062613
30071419
30073554
30095582
30111185
30116768
30119840
30119874
30125247
30145207
30145507
30167865
30169711
30172004
30193355
30207258
30237106
30243957
30245249
30253000
30266022
30268936
30274684
30287300
30291441
30306886
30321093
30359065
30384144
30391563
30394252
30530040
30537564
30565822
30570314
30594682
30617213
30628810
30699438
30704974
30711854
30739618
30744720
30780118
30802854
30813750
30848160
30880661
30897955
30898336
30952600
30964611
30979647
31022627
31054766
31056820
31060042
31073964
31088209
31129312
31146576
31156078
31250445
31254647
31292066
31303261
31328716
31394491
31400532
31441517
31455572
31464495
31465844
31476764
31491521
31509248
31557545
31591898
31627112
31673773
31679906
31702089
31728624
31769368
31877433
31888419
31891860
31911320
31926904
32111579
