11133312
11906224
14700259
18572984
19897796
20805539
19048446
21098967
28182902
29771359
10527065
11595100
15486494
15772354
16180619
16395871
16839292
17007234
18832559
19176813
19184997
19552309
20236568
22021252
22486330
25205006
25670029
26359751
28789578
11283394
11726375
11773433
11906219
15615089
15758048
17050709
17182771
17286075
19034901
19403795
19404149
19406906
20382629
21097307
21562201
21693490
21715632
21725803
21761686
21861675
22081869
22415119
23054671
23094592
23094707
23163417
23365241
23385293
23416451
23595762
23670589
23770804
23806137
23806174
23983029
23986267
24018008
24116842
24188368
24381231
24523536
24702449
24763631
24828652
24984958
26055632
26354924
26488590
26722848
27273474
27445213
27683898
28056655
28637289
28809668
29058357
29124352
29355105
29460357
29616472
29802593
29852777
30240509
30370983
30578340
30633429
30734849
31306118
8726444
8748865
8961762
