10385358
11263683
11571547
11696673
11779280
14662551
15456932
15824844
15982446
15997015
16263784
16410656
16534696
16717205
17033628
17077132
17226109
17443018
18055927
18187528
18245408
18449921
1877728
18794206
1953418
19643925
19653814
19734455
19860794
19884612
19891807
19929136
20200932
20647266
20814988
2088347
2106374
21410483
21451018
21557880
21576912
21646569
21799209
2184830
21919920
22070867
22076840
22150750
22155560
22212839
22277302
22334058
22360590
22547821
22566562
22581200
22693145
22746999
22850347
22907274
23175518
23240997
23265637
23328472
23336589
23364872
23440433
23442156
23541231
23642578
23658040
23713508
23851400
24048857
24246274
24442602
24449748
24549970
24553878
24612094
24670291
24700453
24920451
24961871
25039251
25208190
25651064
25666756
25672482
2575290
25769320
25814469
25901203
25906240
25993553
26088967
26228524
26264353
26308966
26311395
26329431
26343988
26399236
26404018
26408800
26497546
26530221
26712857
26853805
27053210
27065047
27095357
27243136
27452238
27651527
27738991
27739397
27808568
27829310
27830632
27856361
27869301
27883214
27917536
27998326
28106934
28320224
28334915
28550245
28656347
28960637
29057579
29105114
29251844
29275596
29340793
29440536
29482671
29516092
29532745
29624440
29696595
29704001
29734953
29883011
30058761
30107610
30204241
30276811
30379118
30589303
30605431
30816616
30831615
30976547
30980125
31028692
31217828
31249310
31262704
31365137
31523140
3736773
474066
6784549
7113194
8670669
9153520
9542891
