10385358
11571547
11696673
12399058
15268922
15824844
16263784
16410656
16480509
16534696
16717205
17226109
17683610
18245408
18449921
18589342
18794206
18848821
19734455
19929136
20200932
20237258
20398148
20926020
21717131
2184830
21956288
22155560
22334058
22413017
22445887
22547821
22594302
22713117
23103330
23175518
23300784
23336589
23440433
23461484
23658040
23713508
23828425
24077067
24096296
24135900
24157430
24179815
24204657
24381557
24553878
24680720
24913308
25090243
25213770
25302686
25315195
25666755
25674056
25722384
25743199
2575290
25906240
25959415
25970596
2611448
26291281
26329431
26370382
26408800
26413475
26444271
26497546
26513508
26616173
26696646
26805871
26814280
26878913
26958467
27065047
27243136
27651527
28267149
28550245
28629404
28959223
29018129
29036371
29129558
29196931
29309532
29532745
29665419
29970998
30107610
30266406
30283366
30337626
30400991
30758665
30854560
30941021
30976547
31193798
31262704
31998113
474066
6784549
7113194
7968943
8384517
8670669
9185052
