30806013
24029699
18976696
19650816
30748046
20147458
16687507
22868938
30217552
28960762
21718449
23051899
24465445
22860092
11515754
17217932
25796007
18588532
24035535
21677649
23708507
26475784
24880692
22264344
26813476
23078363
24304235
19632211
16023086
18458752
22514316
31972520
24361634
26679479
26805583
28017966
15961048
19651613
27168331
23382517
21299752
21199958
23131612
32678839
11058476
11296095
29472643
22006991
18761592
23188041
19420266
20823246
20840335
22591950
15127179
21790899
23359677
15465974
17488322
16899037
21672322
21045002
19968401
20172508
20703221
21764527
25567427
24261848
24314346
29593581
21883951
22542509
30886575
30243035
12948696
16467858
22684096
23347356
24939441
19907419
29434559
23245948
29984874
22461323
24871202
26767945
20604987
16167185
22759909
25214465
28045460
30788529
22329835
23571420
28351544
30646331
18460331
31730369
16598192
17611740
19107465
26179147
20678551
29106683
24529072
30165099
16962339
22332246
14679386
18391135
20571434
30734916
28801730
22395731
24275010
17307790
17636559
16979350
16815041
23683790
23497788
22458561
20729530
24949564
17566768
21952129
21185518
17469913
21316465
23389755
22580204
18996508
18358744
30991248
19365394
20881127
15703257
24400099
16133128
16038771
31394197
29729394
12860777
14667419
16445991
19015835
22097928
23955492
20670348
20331560
21292243
21790907
21248113
24720731
23421466
25117824
30734203
22114078
24186078
22887826
32125616
21466926
16085533
21859165
22483100
12381499
17291784
16406379
22890475
18266213
24695721
26303184
30013467
20576388
20688176
30295396
31204249
18823721
22566584
22028765
32179061
23422198
11549754
30646204
15867274
18647397
30194288
19636426
29880873
29343732
23667541
