10841995
10888341
10950912
11034866
11496124
11707105
16167193
17828390
17873494
19641250
20695652
20714060
9212721
10102821
10363454
10524597
10607400
10683827
10716202
10871012
10928739
10980732
11003272
11104962
11216882
11232158
11296717
11388925
11549618
11590113
11677398
11733724
11797080
11848695
11906222
11973474
12005883
12202075
12404614
12467124
12590842
12591633
12821793
12914254
14505331
14565025
14585751
14588230
14614811
14674837
14704218
15072678
15106845
15142964
15164897
15165353
15167540
15232289
15238433
15291720
15291722
15305123
15382253
15570506
15570507
15643429
15711850
15746230
15899117
15940493
16079407
16135780
16197682
16237324
16272875
16306271
16319374
16364137
16400256
16525417
16636288
16685905
16707739
16715491
16717257
16815966
16913952
16957953
16966840
17069484
17129192
17298595
17471059
17492693
17546682
17958487
17993204
18044634
18208887
18284348
18305285
18305932
18337404
18345987
18466410
18690393
18702587
18985116
18985123
19199409
19199416
19366289
19383937
19423779
19424359
19553210
19605520
19637012
19642881
19658029
19679763
19727598
19846703
19947462
19955414
19997039
20039023
20054816
20095463
20174930
20336690
20426143
20505108
20552497
20660746
20666600
20804287
21246667
21264650
21325514
21430161
21440069
21471389
21480834
21557892
21574047
21609676
21616985
21625010
21656872
21736455
21761688
21788526
21826481
21828200
21854998
21885736
21995793
21998070
22031872
22076808
22103784
22114100
22125269
22185061
22237494
22282432
22302842
22308408
22349497
22745498
22784605
22786703
22868937
22896722
23029866
23097310
23202663
23350907
23407275
23563963
23767925
24047389
24062451
24065729
24115202
24155309
24254747
24275831
24293562
24323497
24453176
24502903
24532700
24659134
24706395
24742227
24773415
24807817
24830787
24876345
24958687
25432772
25464758
25529014
25535307
26165305
26989921
9106758
9223090
9238495
9549687
9598706
9600987
9619196
