19641250
24795552
10102821
10215087
10216273
10227106
10229724
10335843
10355679
10363454
10363956
10380965
10417251
10424411
10468366
10471848
10472197
10495195
10515192
10524597
10554997
10601743
10611121
10617267
10771413
10771414
10789327
10790322
10808139
10841995
10865105
10888341
10903207
10928739
10930591
10933215
10944414
10950912
10988030
10997866
11034858
11034863
11034866
11058793
11112400
11112403
11121694
11127048
11133317
11133799
11135652
11162272
11162278
11172081
11209958
11216882
11230097
11232158
11241875
11278198
11282705
11388925
11407441
11422722
11431225
11439722
11467901
11467902
11516443
11525330
11543956
11549618
11567063
11590113
11677398
11682277
11690620
11697933
11697945
11703464
11707105
11733724
11734855
11751032
11797080
11798384
11832233
11848695
11848697
11867253
11867257
11870924
11906222
11950765
11954061
11958963
11960893
11976394
11992655
12005883
12062884
12123618
12123619
12135970
12169242
12217967
12359320
12364845
12379604
12404614
12419128
12427681
12455682
12457760
12469132
12480582
12499108
12507442
12546829
12556909
12563376
12588917
12589885
12592404
12606841
12639338
12655586
12667848
12668237
12668360
12722972
12738343
12753963
12764211
12803967
12812832
12814578
12814580
12821793
12875920
12880800
12880898
12880904
12887982
12887991
12914254
12946085
14514445
14527574
14527606
14527617
14561442
14568470
14568484
14585751
14594741
14597296
14599532
14614811
14654452
14659499
14674880
14683732
14700729
14704218
14717824
14732468
14736856
14741309
14741642
14749289
14751004
14754778
14973239
14984425
15006672
15016426
15023577
15038006
15038009
15046729
15050562
15083441
15093147
15100698
15110005
15110735
15130588
15164897
15165353
15165354
15167540
15172131
15178381
15217897
15219612
15238433
15305123
15312817
15327927
15339645
15351627
15382253
15473975
15475949
15505971
15522765
15528119
15561504
15567705
15582037
15588609
15589102
15627602
15647494
15651051
15662517
15700721
15704153
15711850
15722210
15738501
15741465
15746230
15753243
15808989
15809510
15817178
15820625
15820643
15830222
15850736
15852469
15878602
15882921
15899117
15901409
15907308
15907312
15913007
15936179
15949508
15949519
15978845
15979899
15983790
15994098
15996898
15998190
16051283
16095920
16106488
16112148
16120772
16135630
16139997
16151536
16161161
16163534
16167193
16168730
16170092
16197682
16228196
16236529
16242922
16284758
16324382
16325341
16360121
16372256
16376861
16393883
16407479
16417683
16418007
16426719
16437582
16443204
16458263
16460690
16466933
16467562
16512999
16513368
16564707
16596979
16623847
16643867
16650777
16678867
16707739
16712804
16718654
16731007
16735938
16750818
16769743
16782137
16792297
16816231
16828565
16839292
16843445
16877661
16890410
16896957
16934843
16938439
16944122
16966840
16982202
17005420
17021168
17060134
17069484
17080437
17097072
17100789
17121746
17129192
17157417
17172552
17178412
17197035
17208260
17224409
17274020
17275336
17275341
17283202
17292628
17314240
17320049
17331743
17337745
17368300
17371902
17376703
17379407
17381255
17389313
17392459
17409244
17433880
17434418
17434420
17450582
17458447
17520437
17532647
17534651
17551932
17553704
17563353
17597168
17598164
17611124
17672380
17689103
17689571
17803757
17822681
17822926
17828390
17851092
17892391
17894613
17899017
17904384
17949905
17993204
18022606
18033886
18042495
18052787
18055942
18061483
18093736
18095282
18155880
18181241
18211236
18242723
18266217
18266244
18271865
18284348
18344174
18387568
18406173
18406434
18416672
18416677
18423426
18445531
18456379
18465424
18469565
18478211
18507885
18568899
18578596
18592040
18596607
18597227
18633788
18661163
18684594
18690393
18702586
18706701
18716200
18729079
18760263
18786512
18788652
18796346
18796542
18822407
18826422
18835284
18842891
18929439
18948965
18972345
18985348
18996100
19001356
19003497
19007800
19027075
19047359
19054502
19059586
19074351
19104925
19110014
19111290
19118321
19120413
19143805
19155745
19163965
19172644
19199419
19233711
19261423
19264140
19320546
19321775
19334060
19342141
19349235
19362426
19376239
19383937
19390048
19414049
19450692
19457362
19457376
19470476
19505449
19523967
19524051
19528025
19530215
19536435
19540214
19549622
19555674
19560134
19562043
19570639
19580387
19594509
19605520
19632335
19632337
19656506
19666577
19666832
19670085
19673738
19685203
19686704
19694254
19709452
19727598
19733188
19733672
19761849
19770050
19777556
19783412
19788575
19803683
19811702
19811779
19837416
19857008
19882648
19884604
19925187
19947462
19948156
19949389
20095463
20112243
20132896
20146600
20146832
20183185
20220020
20302951
20335536
20362598
20371271
20382234
20385471
20388694
20399274
20408241
20423699
20426143
20434565
20454786
20470808
20477775
20493956
20510370
20521853
20537619
20600998
20617884
20629027
20655361
20659822
20668428
20688479
20691275
20695652
20702070
20715080
20727411
20728547
20728556
20740492
20813639
20837067
20850598
20882581
20884358
20888110
20957583
20958334
20959510
20977551
21073958
21075129
21083650
21183618
21195194
21213412
21252551
21256234
21271462
21296864
21306660
21309680
21315748
21333979
21375598
21391259
21406238
21407123
21440642
21480025
21511369
21514059
21554961
21567664
21574047
21585456
21613489
21616985
21621558
21684531
21693491
21778672
21782157
21782309
21834102
21854855
21861674
21878489
21889195
21905803
21925720
21937800
21954949
21982934
21995700
22016480
22027496
22030268
22049362
22050432
22102548
22103784
22114079
22114080
22121048
22122242
22130788
22135581
22178858
22185061
22204876
22225882
22227050
22237494
22262753
22275478
22293039
22300812
22328466
22342463
22344813
22349801
22387620
22411802
22438288
22445816
22459338
22475381
22504276
22521479
22521875
22524363
22560874
22565203
22569187
22582967
22584223
22634854
22651549
22688638
22691614
22721375
22732492
22732558
22749007
22752119
22784032
22865697
22892245
22895096
22971086
22985694
22994286
22994937
23010578
23012417
23022432
23029866
23036336
23037186
23047856
23047865
23066939
23103517
23103686
23110882
23154092
23218565
23249769
23274853
23313780
23343453
23347509
23352276
23357204
23376367
23403412
23404883
23416146
23470983
23482628
23485156
23522878
23552078
23559521
23561982
23563963
23576128
23603021
23609460
23624492
23628670
23643977
23644912
23664947
23665393
23726515
23727664
23813017
23843526
23849203
23860118
23861343
23906595
23914817
23929534
23938590
23954484
23968208
23968211
23969197
23994216
24038949
24061050
24092642
24100194
24110344
24116844
24120302
24148922
24161281
24184351
24196370
24221533
24236763
24263193
24319317
24361478
24364396
24384151
24396009
24439485
24453120
24497666
24525170
24571553
24591263
24631396
24636879
24647937
24672018
24683964
24738536
24742227
24746954
24747514
24751949
24761265
24768574
24773415
24802163
24831391
24841995
24862078
24907497
24910072
24928617
24971880
24983819
24990479
24995915
25024335
25037922
25042446
25050424
25063939
25107615
25108823
25150283
25203271
25205006
25220293
25245813
25249406
25263609
25284304
25284305
25321487
25337240
25406367
25445247
25453166
25464758
25533973
25539045
25571467
25593047
25605941
25619207
25731997
25820129
26165305
26238813
26272761
26313512
26410528
26989921
9080448
9106283
9153677
9175134
9212721
9223090
9238495
9287370
9307128
9413882
9465007
9549687
9626670
9626676
9630492
9665648
9669104
9704261
9794011
9831471
9838166
9843238
9869705
9918730
9918736
9926099
9950711
