10417245
11304078
15006650
15538599
15702141
15812604
16318996
16685822
17024324
17033628
17240165
17327887
18055926
18055927
18055928
18434103
18578894
18797308
19833216
19891807
20406530
20478385
21138755
21177239
21188405
21191610
21300113
21599563
21917239
21924364
21924872
21943127
22018942
22131119
22445668
22464726
23225124
23343453
23967150
24047258
24443827
25105667
25157354
26025014
27013967
27354958
27679770
29111383
30809667
30907608
31059954
31587444
31629132
32570589
33875028
34718309
35751735
38645197
10394477
10641580
10831488
10964865
10982495
10994722
11068194
11335691
11352619
11367864
11431234
11445794
11455046
11459389
11578663
11735840
11823264
11930133
12044193
12063157
12072173
12165375
12165379
12202269
12377162
12391570
12414076
12426034
12427683
12457270
12494949
12505132
12519448
12714176
12724248
12880791
12912761
12915287
14511452
14511797
14527611
14531753
14570821
14595470
14600491
14608858
14613674
14642467
14654460
14689509
14702264
14757589
15023577
15048631
15099595
15219595
15237078
15260365
15271588
15325368
15352925
15358979
15365682
15469950
15488412
15520356
15538176
15601602
15602110
15721998
15738741
15741480
15809405
15850721
15907311
16001106
16012281
16054343
16165106
16231338
16251504
16270245
16275809
16330500
16330585
16342281
16361088
16361944
16376059
16387476
16406258
16494260
16540349
16550385
16569671
16600639
16624566
16624579
16631929
16632333
16713185
16806975
16921782
16926102
16959474
16960651
16965928
17015811
17020747
17070020
17074956
17141478
17243588
17275338
17276751
17277726
17320416
17329000
17329081
17329472
17329473
17354865
17390711
17398119
17403977
17408808
17413023
17416488
17456359
17464691
17464719
17493297
17504246
17544631
17581532
17599704
17606660
17633731
17641373
17662964
17673231
17694479
17698497
17719745
17784808
17884391
17899021
17902004
17949516
17984396
18031994
18090701
18155880
18180918
18198268
18201908
18255317
18261714
18262770
18299790
18381902
18390196
18436404
18439804
18445872
18486104
18519527
18585932
18590476
18603414
18604544
18657587
18692578
18707678
18722007
18769307
18789654
18814861
18822407
18827723
18849149
18852461
18922517
18981063
18987627
19000732
19016669
19028423
19071221
19077676
19128945
19133962
19157788
19159690
19217757
19217758
19261444
19267696
19336392
19375170
19418510
19419772
19449328
19449332
19452191
19478293
19521637
19530219
19631276
19633214
19643580
19647777
19744536
19759093
19770054
19783411
19806565
19833484
19853414
19917146
19920062
19949718
19963069
20056394
20071149
20097045
20113358
20153952
20160006
20227250
20369460
20399275
20426142
20435970
20452334
20479759
20495793
20505069
20555138
20572905
20600460
20615670
20620024
20647266
20701823
20731962
20809999
20817203
20826078
20850276
20871159
20872228
20872913
21048126
21054282
21092987
21119155
21138657
21159728
21168439
21184831
21205362
21277725
21296169
21299920
21300524
21320249
21320250
21349690
21421061
21498055
21518145
21518921
21536978
21546220
21605615
21639861
21684124
21684722
21733286
21807414
21831606
21835091
21900576
21909731
21976249
21976373
21993193
22017223
22019858
22022844
22030695
22036008
22079662
22080494
22085473
22094035
22146150
22150750
22173749
22173754
22180852
22227051
22244184
22244985
22283467
22285715
22327232
22341902
22349577
22370252
22370913
22445249
22480957
22499780
22533735
22539856
22578721
22584233
22608155
22673182
22673767
22698762
22789740
22790253
22817874
22819228
22856365
22874625
22887825
22897027
22927668
22945617
23010256
23022507
23057977
23135906
23146248
23158779
23190458
23228712
23252922
23252928
23283688
23290268
23311613
23313563
23331283
23332356
23389420
23523694
23588475
23603064
23604786
23727467
23727532
23747517
23791615
23839771
23892770
23904101
23916187
23968938
24005188
24011847
24097339
24100864
24115527
24120443
24144510
24192500
24200366
24239093
24246490
24258969
24268468
24373690
24380649
24423214
24457222
24462264
24619536
24622944
24636489
24650453
24686000
24700789
24799682
24819575
24894884
24951680
24972603
24993979
25012780
25036426
25199983
25277095
25308834
25318995
25338016
25342578
25358262
25443177
25471704
25497439
25520163
25524754
25533973
25541139
25640318
25649975
25651064
25655909
25708455
25745033
25768029
25778615
25781268
25801500
25821062
25904725
25920541
25923856
25944410
25972117
26012519
26015391
26025199
26032566
26038817
26106217
26123450
26163386
26164819
26184459
26198176
26200928
26210337
26220786
26232869
26248537
26252640
26315390
26382955
26433899
26481978
26485094
26517767
26585221
26599135
26635326
26639978
26690808
26738529
26755544
26756527
26761708
26822489
26833265
26845282
26873807
26900738
26917273
26941174
26982085
27000096
27000303
27000306
27028168
27060129
27067126
27095442
27190281
27208815
27289116
27369472
27412866
27449252
27495358
27499362
27511297
27515791
27535082
27535345
27593255
27725655
27744190
27760700
27776571
27917569
27936454
27942861
28009070
28078547
28082140
28139359
28162976
28171781
28177089
28208070
28304149
28338943
28339164
28385492
28390850
28410561
28441663
28458083
28459416
28479528
28623450
28755401
28826419
28829051
28834102
28837952
28841461
28899759
28958479
28988022
29153447
29180231
29198207
29223329
29226284
29385625
29499963
29529413
29559372
29653095
29660513
29704324
29736883
29761976
29807550
29894827
29935119
29940193
29994624
30079586
30096212
30149746
30171994
30285056
30293050
30300826
30460891
30500474
30503703
30508134
30515993
30530989
30536829
30576563
30576851
30632385
30668668
30738913
30796187
30811773
30850129
30852126
30883275
30884018
30952359
30981598
30987925
31104914
31134583
31135051
31153156
31157363
31197432
31241756
31274952
31288150
31299220
31349177
31368183
31395486
31399394
31521731
31594274
31688422
31705495
31706785
31755957
31794972
31801675
31810761
31882276
31910929
31915835
31918770
31924374
31961928
32008554
32103250
32160619
32220502
32298949
32338241
32353195
32353861
32474067
32474373
32583466
32583570
32585631
32643526
32771309
32911995
32988773
33018334
33032389
33058544
33092939
33097950
33257116
33270962
33296864
33370733
33497790
33706673
33712377
33714175
33838150
33860786
33951587
33957480
34014400
34029948
34034096
34225834
34275006
34405275
34467451
34583085
34624682
34736723
34789848
34851586
34883402
34997425
35007869
35051717
35129109
35240226
35271873
35748435
35753498
35840277
35872614
35965106
36005854
36029238
36085080
36085717
36122541
36162685
36198875
36240572
36268829
36477066
36496508
36577563
36715578
36772948
36803400
36939186
36946606
36965364
37018464
37223934
37382826
37786683
37871408
37904327
37972880
38476044
38735261
38781692
38901758
38906411
38914851
38942349
38944384
39491638
39506100
39586369
39709676
40015619
40039072
40107929
40204235
40630570
40653187
40880983
40961578
40963882
41203946
41232677
41270867
41271013
41419191
8670646
8685283
8829392
8896771
9153679
9343609
9428064
9645551
9699694
9858281
9882089
