10081602
10198130
10201421
10204105
10211888
10333993
10353369
10366639
10432178
10467585
10495195
10510906
10540037
10556091
10559415
10601740
10671402
10674479
10683393
10749069
10761367
10769314
10769315
10770168
10780634
10791680
10791858
10806027
10809913
10817581
10823306
10852226
10923671
10943726
10964875
11002353
11002354
11053229
11055257
11069948
11095535
11098793
11098794
11104962
11133304
11168772
11169875
11198706
11236838
11238542
11247643
11257281
11287374
11293288
11334290
11352614
11376462
11388138
11410950
11437894
11439722
11500993
11501735
11506643
11506646
11506648
11523277
11530838
11564318
11564325
11587892
11594350
11706967
11742236
11746723
11771974
11784444
11798267
11798278
11835371
11835600
11848695
11848709
11872615
11900794
11906222
11906228
11970810
11983183
11990201
12030819
12099492
12110968
12122035
12123617
12126506
12135969
12139777
12148938
12150424
12151507
12165479
12167257
12167261
12244209
12353245
12419128
12428147
12438467
12452585
12455680
12467100
12468901
12488794
12544844
12588917
12589893
12590676
12592501
12599273
12632466
12727696
12729491
12810771
12811730
12821793
12867520
12925933
12943328
12946085
12958206
12965041
13680443
1421133
14511531
14514445
14561934
14600490
14638592
14663178
14709231
14715954
14741317
14754779
15006685
15050562
15068921
15085133
15095561
15100618
15102907
15108303
15140927
15177527
15195290
15202106
15202829
15204056
15251914
15298780
15302055
15305123
15382253
15451285
15489381
15514410
15528080
15535173
15538174
15541070
15563725
15564579
15590925
15595269
15601519
15601523
15620227
15640752
15651051
15667413
15668210
15668720
15673663
15700505
15700721
15711850
15721964
15746230
15746486
15753238
15758155
15769206
15814009
15814441
15817644
15823984
15826972
15826978
15833592
15841675
15841677
15843789
15849894
15849896
15849897
15849900
15888538
15901409
15903115
15904548
15913008
15929098
15993174
16000632
16001441
16019516
16045068
16060826
16078183
16087450
16091536
1609867
16102232
16106488
16107352
16107356
16125145
16130309
16137258
16171288
16178033
16180621
16180624
16180627
16183616
16199831
16207870
16253527
16323251
16330601
16342150
16382240
16396094
16404736
16421302
16421311
16483400
16488253
16495939
16512999
16513006
16515410
16520023
16585464
16603714
16671081
16702002
16731723
16740583
16757182
16768364
16770797
16824604
16839288
16839301
16871888
16899039
16900757
16904344
16934234
16944483
16989874
17009108
17012685
17014375
17020482
17065458
17089374
17105480
17133392
17133397
17133399
17162995
17182773
17236244
17263004
17274018
17290371
17290373
17310866
17331476
17358019
17392455
17419833
17442821
17445248
17454685
17460074
17488202
17494829
17497646
17517680
17606661
17608908
17634374
17636131
17672384
17699624
17712285
17728454
17761972
17784808
17804811
17846159
17892384
17892385
17924553
17928444
17959810
17973920
17974940
17992686
17999985
18057197
18063564
18072830
18160557
18171929
18184933
18191524
18195143
18203694
18208900
18245041
18268399
18275331
18275335
18284346
18303568
18303973
18329065
18363509
18370603
18382271
18384457
18385330
18387584
18422840
18455152
18457505
18457510
18457512
18460045
18533551
18540914
18562599
18573836
18577292
18602483
18605868
18632934
18635705
18639365
18650327
18658073
18667399
18686056
18716203
18779509
18781431
18814461
18829595
18829695
18833829
18947356
18978666
18981325
18985128
18990710
19005068
19020205
19023125
19041965
19042912
19061377
19065146
19074979
19132798
19378878
2073300
2101731
2812321
3171618
3369966
7477346
7682015
7793467
8061298
8078943
8158246
8213054
8248194
8430100
8472665
8510752
8551361
8624091
8624677
8641154
8653390
8670634
8670636
8670637
8670685
8714706
8742429
8822570
8825884
8866684
8931584
8988792
9059706
9080445
9121583
9121584
9141052
9175095
9177249
9177767
9339453
9342692
9391022
9478894
9500834
9510387
9577389
9579669
9591223
9601664
9605717
9619196
9632187
9634568
9651128
9673660
9679785
9712014
9761587
9771784
9798841
9805320
9856538
9863701
9865801
9950718
