10417247
15536300
15980631
18166607
22425723
27489878
31105553
10050895
10223261
10412530
10436338
10604746
10632099
10723172
10775534
10940680
10965365
11032619
11103681
11288857
11320160
11320162
11606679
11790639
11829209
11834198
11851030
11998736
12034784
12080488
12080867
12135962
12146805
12390977
12593416
12599119
12604293
12682334
12717671
12791810
12823502
12844524
12901777
13130343
14509045
14567169
14568818
14601000
14716732
15052786
15072425
15084791
15178938
15178945
15314128
15525284
15551110
15562429
15570509
15689356
15722899
15739047
15908747
15930045
15960171
16041289
16088140
16210224
16237363
16252889
16319024
16534207
16676409
16773268
16908994
17012932
17030535
17030755
17088691
17095412
17099602
17117340
17172610
17239043
17296841
17356339
17374952
17381257
17420404
17479980
17502554
17545743
17615284
17662005
17851192
17907600
17928965
17971665
18040118
18176077
18210807
18401022
18408365
18445746
18593276
18609334
18617738
18677208
18690556
18712164
18756086
18800007
18843853
18854867
18971445
19020205
19064755
19081458
19139311
19163793
19198144
19225235
19276543
19297506
19330195
19378819
19494431
19569130
19759202
19875958
19922388
19938680
19938682
19938683
19938684
19967597
20003584
20026458
20061230
20087893
20146921
20173686
20177696
20182057
20190005
20308780
20496755
20539026
20542982
20562756
20660866
20683187
20697052
20823812
20938027
20938177
20971753
21042206
21153383
21188308
21207049
21252550
21298310
21479482
21502759
21592050
21646331
21675596
21696410
21764791
21823158
21842406
21857031
21881402
21905095
21952355
21971454
21978320
21991849
22005989
22014496
22047935
22060063
22143952
22286950
22300873
22344582
22368970
22383132
22406442
22460158
22482446
22526961
22614246
22699847
22710919
22722668
22766739
22889797
22903128
22928231
22932755
22947919
22986775
23033449
23199140
23208196
23229103
23390180
23542864
23572495
23575995
23579325
23587169
23591639
23609929
23611351
23672654
23729473
23855491
23860029
23887281
23957226
23986300
24047381
24056533
24059444
24068551
24123413
24126386
24145484
24234359
24274924
24329034
24385135
24404822
24445987
24470336
24503555
24514874
24531155
24550543
24569686
24606031
24762944
24779634
24780899
24854609
24893591
24924676
24927705
24996793
25002573
25024321
25024335
25029513
25115039
25171901
25182743
25287597
25298199
25322925
25323700
25358680
25391316
25511791
25520437
25531687
25618904
25629415
25654501
25655625
25817631
25835426
25988463
26028194
26063911
26200045
26275067
26324898
26344059
26362247
26401701
26473985
26585056
26590270
26599058
26617288
26635213
26645189
26646994
26653846
26679216
26726932
26738361
26810719
26859219
26859768
26890769
26901360
26920674
27029053
27072014
27157482
27157704
27194245
27435367
27439681
27463684
27477178
27497488
27502125
27567843
27567869
27570907
27654968
27714552
27802240
27848119
27933416
27983552
27997993
28072380
28087578
28103749
28210978
28244174
28304293
28304299
28389044
28424392
28425061
28480617
28501822
28534652
28559417
28576172
28621768
28630377
28739995
28739996
28750498
28785992
28803444
28826526
28855404
28869463
28984590
28985936
29103041
29105977
29134465
29143870
29166751
29172002
29186371
29206491
29226866
29355451
29391909
29453242
29480174
29508660
29569990
29584904
29668866
29704037
29717332
29728749
29730823
29746400
29960960
30029282
30035155
30049750
30182624
30240096
30255971
30291183
30326496
30506397
30630176
30638083
30698757
30707189
30714241
30714955
30741687
30796570
30925612
30925614
30958372
31088224
31177233
31177556
31205125
31286349
31287716
31356209
31391394
31392920
31710340
32062656
33207355
33486486
34996199
7594158
8624092
8712277
8752683
9125732
9217686
9339671
9485069
9577668
9656252
9829574
