11283394
11726375
15013828
15486494
15652321
16116457
16180619
16395871
16839292
17182771
17286075
18855544
19034901
19404149
19406906
19524050
19552309
19793990
20105435
20433245
20805539
20807576
21098807
21145211
21525269
21725803
22081869
22415119
22486330
23054671
23094707
23163417
23385293
23410034
23442226
23595762
23670589
23770804
23859647
24076035
24116842
24381231
24491458
24672019
24741049
24763631
24814016
24899706
25068669
25205006
25644499
25670029
25724688
25817710
25988224
26089342
26239549
26354924
27683898
28056655
28247156
28324983
28657480
28697386
28803942
28949824
29355105
29460357
29616472
29700724
29802593
30243683
30370983
30633429
31306118
8726444
