11459880
11726774
12205170
12633158
15849896
17265148
17626038
18308706
18388729
18509047
20080096
20809855
21430137
21492080
21606659
21681221
21900560
22383502
22524295
22548898
22826630
23407973
23547242
23739983
23757765
23887809
24026225
24107968
24307490
24366575
24696182
24768717
24847853
25183555
25644499
25833968
25995480
26022857
26489979
28228422
28691844
29365284
29806553
29846004
30156503
30251758
30282732
30394220
30805850
30820857
30983543
31062381
31190662
31713099
32283274
32533819
8866498
