10025619
10196573
10332877
10389090
10478709
10480664
10493901
10493902
10554993
10600413
10746606
10895512
10978701
10978706
10985287
10988031
11007729
11062324
11104844
11133312
11145463
11209962
11232912
11234742
11259662
11264319
11284046
11285015
11295344
11305900
11310914
11333370
11352616
11353732
11440800
11459880
11489739
11506643
11525326
11532726
11587889
11677066
11677399
11697942
11697945
11702871
11771975
11783407
11792407
11798272
11811665
11879658
11906238
11929574
11942492
11956941
11970809
11983183
11999890
12009261
12135971
12151803
12167262
12191458
12202076
12202079
12395111
12452585
12467124
12477696
12482074
12505803
12531463
12566286
12595181
12595190
12595193
12644355
12667853
12699857
12711934
12716951
12738003
12777344
12805116
12821792
12824463
12832550
12832555
12853370
12873853
12880789
12899251
12912766
12948722
12953303
14504772
14527600
14551436
14578998
14580621
14584547
14594739
14615423
14618287
14642461
14645385
14652101
14656503
14662462
14673805
14674837
14683712
14700259
14976320
14980562
14980580
15013829
15016382
15025043
15034586
15046247
15084488
15099414
15111669
15165357
15166099
15178169
15182847
15188865
15188866
15193625
15194879
15200709
15232072
15246451
15275916
15288371
15318333
15372699
15451368
15477872
15484444
15488247
15488301
15501593
15511655
15513939
15519761
15557495
15588605
15597038
15601525
15607991
15622612
15642913
15670705
15679505
15699384
15700505
15701221
15701226
15701240
15704151
15706235
15721179
15721182
15734351
15734354
15734355
15746230
15777860
15784424
15800188
15820652
15826972
15850722
15850736
15850750
15852468
15854795
15884023
15886020
15901646
15907312
15907313
15949519
15955476
15955491
15958505
15964210
15978025
15978843
15993859
16009569
16027012
16043128
16046149
16054840
16085428
16102979
16134588
16138671
16139806
16140345
16154166
16180623
16180624
16180626
16181793
16195470
16257547
16269094
16269249
16284969
16290016
16290017
16301783
16306271
16326117
16337295
16337816
16339798
16360581
16364548
16380271
16427787
16453310
16462131
16466678
16475281
16487728
16492377
16495434
16497521
16503055
16506011
16516497
16525130
16544325
16544580
16546406
16623852
16628606
16630842
16648457
16679504
16683506
16704749
16708026
16738241
16753206
16754839
16764830
16798016
16806977
16829139
16837057
16839298
16879842
16914620
16935007
16950223
16959412
16988044
16989558
16997508
17012690
17032778
17060367
17064731
17069480
17069482
17071240
17077160
17079679
17122041
17126370
17134915
17149506
17150987
17163350
17174987
17175173
17179865
17188251
17188577
17190934
17196537
17202543
17204823
17214562
17230052
17266108
17267934
17275336
17283285
17286837
17303390
17306772
17307337
17336094
17350291
17363281
17448546
17451973
17467008
17468751
17473836
17473838
17478105
17481593
17490989
17499159
17503101
17507643
17524667
17533753
17536965
17536969
17541057
17548799
17564758
17583996
17586866
17610659
17613539
17615246
17616583
17625917
17629502
17632271
17636560
17644222
17651006
17651008
17658625
17672385
17680935
17681983
17713133
17714013
17715350
17725931
17728454
17761972
17826793
17827174
17846159
17878070
17881109
17894602
17902000
17904390
17909128
17955021
17958485
17990304
17994187
17996464
18004946
18024158
18029153
18030926
18039043
18056239
18063566
18064583
18072236
18072277
18095278
18155074
18155924
18155927
18160644
18178485
18183378
18184777
18205077
18209621
18211233
18219622
18221890
18241895
18248824
18255038
18262208
18270173
18275339
18279326
18284340
18284345
18286463
18294820
18302724
18307211
18321870
18325789
18329671
18342473
18381769
18382289
18387583
18399040
18399882
18406432
18420234
18432480
18448634
18452757
18460045
18460331
18465788
18466663
18476760
18483003
18483136
18502730
18514745
18559294
18570205
18574518
18578600
18589505
18601940
18603301
18632890
18633774
18633800
18633804
18633811
18633819
18633822
18633839
18633851
18633852
18635157
18643304
18661503
18678793
18703030
18703089
18717713
18718573
18723260
18723901
18760631
18768725
18771675
18780495
18781436
18785502
18787229
18790875
18792858
18793699
18797855
18815099
18820694
18823226
18823721
18830586
18838634
18937781
18947356
18950718
18951556
18956461
18985097
18985127
18985137
18985143
18996542
19007800
19015113
19015116
19038275
19046978
19047075
19059350
19076485
19084220
19085561
19086020
19109919
19117277
19121401
19124688
19139843
19139856
19148369
19159636
19163965
19168663
19171077
19172643
19173228
19174368
19180557
19181620
19199400
19199421
19213918
19278129
19279244
19280694
19286742
19300986
19302163
19307251
19321317
19336392
19349239
19376240
19376242
19382299
19407204
19414043
19414310
19428423
19429079
19429172
19429173
19433790
19442745
19443622
19446647
19448848
19450664
19457378
19470528
19480987
19485616
19485660
19494142
19524090
19531876
19533423
19555654
19559343
19571143
19580380
19580392
19585350
19586260
19588282
19589603
19592758
19620107
19620180
19620181
19621370
19622733
19629052
19640506
19642887
19645926
19645929
19646532
19647038
19647799
19680634
19695817
19705330
19706472
19709652
19714267
19732807
19739033
19744566
19751546
19765600
19766936
19783410
19787547
19803685
19811772
19818907
19822601
19823984
19833790
19837179
19846064
19854553
19878729
19883494
19883771
19912333
19913803
19914001
19917143
19929761
19931396
19937337
19940177
19957266
19963904
19963905
19964981
20001123
20004364
20005675
20006682
20006720
20008375
20018180
20025979
20025981
20026086
20026225
20034998
20035017
20045472
20045475
20051318
20060103
20075000
20079852
20083798
20087840
20090680
20099204
20108218
20116072
20117046
20121935
20123026
20127873
20139013
20141299
20141305
20144695
20144945
20162490
20162603
20173665
20178036
20182511
20194512
20201927
20221947
20302945
20336686
20350058
20351022
20363157
20374203
20378581
20384781
20385169
20385244
20385798
20398773
20399207
20408364
20411397
20418072
20433241
20433264
20450959
20451622
20453039
20470894
20478834
20493953
20501508
20505108
20510255
20510377
20515407
20519253
20519541
20521858
20525743
20528086
20534464
20537612
20553738
20570740
20573889
20600963
20602286
20617526
20621656
20645311
20655320
20658818
20660731
20666597
20673803
20688112
20691792
20709150
20711937
20711940
20712827
20725910
20728511
20797391
20797542
20799123
20805543
20807052
20816974
20837034
20842749
20849234
20861038
20861065
20863844
20869375
20881565
20883743
20889428
20889651
20921381
20932921
20946059
20946962
20947065
20952073
20955802
20963818
20964961
20965253
20976966
20977537
20981611
21047495
21051474
21055874
21059963
21078562
21090881
21093773
21098806
21098807
21098808
21109253
21126588
21127016
21130888
21142990
21144117
21144713
21147519
21154218
21163276
21167825
21168427
21183158
21190759
21195192
21205361
21205806
21208991
21209489
21212322
21213193
21220070
21237185
21247256
21248684
21251646
21259381
21264651
21269812
21270447
21295015
21312206
21315627
21325618
21330218
21331518
21334442
21356316
21357528
21358707
21365716
21366885
21373973
21375794
21382966
21389303
21391268
21396384
21396456
21427167
21430142
21438079
21440642
21443341
21444068
21452934
21452947
21467048
21477817
21484948
21497656
21504992
21521620
21525857
21546091
21547846
21550407
21554495
21554498
21555080
21557652
21563889
21567659
21601433
21601831
21606659
21609969
21609970
21613601
21618667
21624566
21633905
21640136
21640981
21664280
21671733
21671743
21676991
21677157
21680845
21683596
21683942
21696709
21700167
21704307
21705195
21709173
21709236
21709244
21710364
21712804
21733887
21734437
21741484
21743097
21751243
21756925
21761995
21762712
21763642
21778107
21795556
21797981
21803163
21809423
21811809
21823207
21839842
21840340
21843538
21854971
21856337
21866425
21871533
21878057
21880172
21888980
21896494
21897353
21903460
21903976
21923788
21932261
21935985
21936739
21936743
21936768
21938756
21942762
21945867
21955165
21962775
21964488
21972425
21982747
21983794
22001264
22007877
22012639
22015853
22021045
22021653
22031874
22040905
22047726
22062193
22071630
22072682
22078745
22079109
22079451
22079507
22080495
22080733
22081878
22116037
22122779
22123187
22137181
22149348
22154897
22155378
22156723
22161969
22177602
22178008
22178441
22178816
22196111
22222380
22227457
22228752
22230228
22230946
22230947
22244835
22256283
22259064
22263640
22264198
22266411
22272622
22275166
22282432
22287263
22294427
22304628
22308408
22318914
22355182
22356173
22377511
22378331
22381514
22383803
22386970
22391476
22392009
22394402
22396079
22397907
22401758
22414772
22418393
22421385
22422484
22431327
22431380
22433052
22440647
22445349
22446298
22451482
22452562
22456582
22458423
22459338
22480693
22480958
22483077
22483100
22487549
22492754
22505275
22510529
22511726
22519463
22524295
22534456
22539776
22560044
22560888
22563009
22564482
22584225
22586252
22591109
22591123
22591950
22592304
22609579
22609931
22613230
22617632
22634861
22637967
22638494
22644919
22652538
22664168
22677047
22687465
22731734
22749355
22760337
22771856
22773051
22776461
22781311
22795265
22795367
22798398
22807028
22811215
22813951
22814146
22820143
22840629
22842813
22842815
22845758
22858265
22868937
22872066
22900624
22901627
22905816
22905826
22925010
22940117
22945291
22952277
22956668
22956671
22956678
22960252
22975194
22979952
22982355
22985738
22987297
22996793
22997053
22999437
23008170
23025160
23033154
23036282
23039996
23044373
23051900
23051901
23064394
23070748
23077043
23077058
23084083
23099059
23110880
23115195
23131612
23137945
23140909
23142279
23147501
23161519
23163952
23171695
23175836
23175849
23185086
23200784
23201365
23202660
23211928
23223803
23238432
23249346
23254143
23263697
23265635
23281202
23287311
23287568
23297009
23314010
23314780
23318352
23321153
23327933
23327934
23348009
23349223
23353029
23353696
23357079
23357375
23362496
23370055
23379536
23386740
23392667
23399993
23406545
23408440
23418140
23419861
23453164
23482625
23483523
23488588
23489415
23489416
23512930
23522878
23548595
23552079
23562867
23566889
23568328
23574118
23574539
23575842
23576808
23578759
23584260
23586454
23588187
23588273
23592753
23596188
23603287
23610386
23613020
23615765
23616377
23616547
23617737
23620601
23625078
23664683
23665393
23668969
23673251
23677007
23681167
23684866
23684872
23696692
23709643
23712666
23727827
23739982
23740049
23749314
23750943
23752131
23784074
23791838
23791961
23796961
23802125
23807175
23810975
23812762
23813738
23818102
23819895
23829951
23831279
23835103
23835204
23841967
23850105
23864694
23868876
23879877
23887809
23887820
23893848
23893850
23904335
23929943
23945981
23946393
23954715
23964067
23993283
23997363
23998674
24020449
24026225
24059962
24064075
24064198
24070614
24080676
24080950
24084128
24090098
24090819
24099849
24100929
24116842
24119792
24121027
24128739
24131593
24139810
24146315
24155323
24165832
24170933
24177988
24179291
24182659
24183891
24185022
24191059
24200209
24210423
24211010
24216538
24222712
24231399
24242271
24247250
24275829
24280181
24285897
24290886
24295635
24297329
24302681
24307677
24314348
24315838
24316200
24329012
24343754
24345173
24345398
24361478
24369340
24371217
24393393
24396003
24411594
24418502
24449748
24450582
24478356
24493842
24502922
24513232
24518753
24531045
24532549
24553284
24560581
24561099
24564471
24577108
24582597
24583040
24584331
24590225
24591599
24593696
24603021
24612152
24614364
24621266
24632378
24655307
24656767
24657459
24659430
24661157
24670207
24699014
24699035
24705200
24705568
24710652
24713451
24728838
24732954
24740491
24742618
24751570
24753396
24756342
24757127
24759437
24769266
24792477
24795440
24800631
24812764
24830839
24837477
24837479
24846573
24858795
24881572
24882678
24898564
24899706
24904993
24907686
24920379
24924875
24928617
24945662
24948156
24954611
24960045
24960530
24970601
24973603
24976632
24998897
25009194
25030840
25037922
25045017
25053362
25064191
25065313
25065602
25066544
25086316
25087073
25090304
25094043
25099708
25100217
25100590
25106072
25107677
25108042
25108823
25110231
25111033
25123348
25130563
25133665
25142952
25143607
25150658
25154600
25157798
25170021
25179246
25180985
25183886
25185806
25193002
25208740
25209949
25217472
25219936
25223729
25223905
25224998
25225000
25234319
25234799
25237122
25241083
25241087
25244436
25252868
25257066
25261727
25262587
25274576
25289490
25305700
25320792
25326038
25329241
25331606
25338633
25346407
25359694
25366378
25384074
25388082
25390185
25390201
25390204
25398075
25420125
25429140
25432285
25438744
25443066
25447064
25451197
25457931
25458571
25459101
25461916
25463465
25463475
25471577
25481470
25482858
25483019
25487911
25506752
25523347
25527112
25527113
25528694
25536500
25537682
25539036
25541365
25545862
25550068
25552570
25557062
25557777
25564936
25567420
25570063
25575018
25580932
25594153
25595501
25595506
25598522
25605968
25609624
25613405
25641636
25646442
25651194
25653372
25660537
25670645
25671603
25673851
25680674
25691738
25703646
25708317
25728174
25728693
25728695
25752904
25755174
25757797
25762672
25784601
25795103
25795339
25804311
25809402
25809404
25810516
25822461
25834046
25835557
25837600
25840750
25847861
25853627
25858294
25862262
25862421
25862672
25864955
25865357
25871325
25872899
25874749
25891375
25891898
25892332
25892594
25899520
25904779
25906795
25913061
25913702
25913703
25925269
25934633
25936550
25944613
25957484
25971601
25972116
25976923
26003509
26004062
26004692
26010458
26010878
26014459
26019010
26019326
26027740
26028547
26032148
26036837
26048177
26054874
26056280
26059389
26060325
26065376
26076316
26083786
26085009
26089343
26091852
26102226
26107160
26107161
26108101
26108165
26113741
26117812
26133661
26143483
26152321
26153468
26160264
26165776
26166191
26173182
26177254
26181225
26182424
26190301
26194892
26196666
26203050
26212902
26219923
26226432
26231122
26237322
26241683
26245963
26247866
26249369
26259016
26260311
26262779
26269638
26283353
26289141
26290233
26300387
26302670
26314945
26318342
26320202
26334650
26348480
26348555
26350539
26358975
26360907
26367817
26371795
26374785
26375210
26378725
26385540
26390194
26397037
26400856
26400858
26401684
26407494
26407495
26417092
26443236
26445229
26449441
26455808
26467308
26476740
26479324
26481674
26484435
26489975
26489977
26493161
26494872
26514810
26515906
26516170
26527172
26529535
26537750
26541373
26541813
26542812
26558615
26558785
26559474
26566723
26569130
26571072
26577062
26585457
26586814
26607442
26608243
26611711
26632990
26645274
26645739
26650337
26654933
26655583
26658926
26663662
26670947
26671217
26673113
26675154
26675294
26679192
26681358
26685089
26685867
26690807
26695705
26704348
26707717
26711857
26736831
26738043
26741803
26763141
26767373
26772629
26775225
26776080
26791228
26796715
26802808
26805557
26806013
26809225
26809289
26814116
26821244
26821253
26833918
26862057
26867078
26874182
26887916
26891826
26892855
26892861
26899786
26900791
26908392
26917214
26922247
26929024
26934839
26948894
26954937
26963234
26971472
26975555
26979587
26986838
26995784
27000301
27000310
27001175
27001453
27012986
27013103
27015723
27016006
27016153
27026652
27027541
27033687
27045451
27058281
27062134
27063068
27068178
27074863
27075438
27084302
27085214
27091600
27122026
27130821
27131917
27136504
27145084
27147654
27147663
27156807
27156983
27159669
27173081
27173762
27178366
27179312
27195942
27217108
27217112
27223814
27224534
27235570
27238550
27238897
27260987
27261979
27272616
27274075
27276372
27301353
27306727
27318594
27320796
27342447
27343687
27372216
27377788
27381929
27384054
27384542
27385746
27392071
27399308
27406406
27409387
27411160
27422412
27422729
27424602
27439860
27442458
27444730
27459935
27469596
27470977
27472504
27474914
27477629
27498369
27513302
27521517
27522872
27524285
27524657
27528672
27531626
27534733
27534862
27550732
27559990
27575974
27578492
27583567
27591486
27622923
27637863
27662482
27663021
27664826
27664966
27665526
27686278
27693978
27697987
27699680
27704405
27712830
27718890
27720744
27726253
27756546
27766641
27780529
27806864
27806865
27810274
27813234
27815094
27816776
27836708
27845254
27847313
27856733
27861755
27871020
27873550
27881776
27887704
27888020
27893013
27903439
27908591
27921216
27923192
27936814
27979699
27989780
27992088
27997290
28000082
28029198
28033199
28035923
28038366
28040544
28045310
28073788
28073936
28075038
28077722
28086129
28093358
28108496
28115192
28119346
28131758
28132813
28144739
28148724
28157095
28160686
28162778
28168274
28174127
28174915
28179554
28181091
28185963
28194612
28208070
28226306
28228422
28236751
28238294
28238849
28242796
28244174
28245068
28245989
28247156
28254164
28254509
28257928
28263928
28274168
28277403
28285207
28294134
28298300
28303900
28315366
28315577
28321973
28323166
28325680
28333707
28334217
28351544
28355957
28359223
28364727
28366871
28370498
28370684
28371655
28376696
28385053
28391032
28392302
28401285
28401835
28401845
28406804
28407727
28412558
28438464
28439662
28442422
28446254
28450264
28454821
28465046
28466438
28476207
28477499
28486837
28487246
28493595
28502843
28504334
28504364
28513186
28521281
28527787
28527789
28527791
28534459
28541186
28548263
28551555
28553837
28556242
28556774
28558365
28559191
28578131
28588345
28595489
28602689
28605663
28627957
28628767
28633886
28634048
28637279
28648758
28655631
28658405
28666247
28666840
28669784
28683981
28686990
28691844
28697998
28698012
28705767
28707570
28712093
28712948
28720550
28727223
28735169
28735643
28736312
28744939
28754348
28755853
28755988
28759780
28779478
28782584
28791789
28806707
28823587
28826336
28827095
28828546
28832300
28833940
28842409
28850529
28858559
28862531
28868974
28876500
28877515
28895092
28901713
28905640
28911803
28913886
28921740
28924013
28926483
28929542
28931334
28939188
28941768
28944718
28951163
28951165
28964904
28968564
28974274
28977527
28980133
28986148
28986207
29016239
29020651
29046290
29050383
29054735
29060810
29076307
29077875
29081351
29102504
29110570
29113942
29114852
29122723
29125397
29127026
29128142
29132089
29133954
29143475
29145910
29146290
29153446
29161340
29170069
29181883
29198443
29205574
29217224
29222816
29229052
29243119
29247796
29258849
29265830
29266586
29271284
29272791
29273534
29277658
29297153
29304386
29305161
29306697
29308983
29310911
29322687
29334837
29339474
29341344
29344686
29349794
29356166
29365284
29366339
29374356
29374914
29381374
29388508
29397562
29408323
29408479
29410293
29427289
29427365
29427393
29427850
29428581
29428788
29438845
29440386
29444207
29451300
29461079
29462339
29464819
29471100
29509290
29519852
29529407
29529408
29529413
29547816
29555429
29555561
29557086
29566227
29574232
29579370
29581536
29582512
29614912
29619759
29626342
29628069
29633906
29649561
29654477
29654876
29655195
29656245
29656269
29665711
29667212
29673116
29674271
29680475
29684132
29684536
29688872
29691941
29691946
29702432
29709625
29717652
29733956
29735557
29744797
29747140
29756354
29758392
29767303
29778804
29779670
29800417
29803001
29807153
29807267
29843584
29846310
29846531
29871712
29878254
29879562
29903632
29906456
29906489
29908310
29908937
29912297
29915363
29925474
29926265
29927305
29940238
29940261
29949456
29950316
29956403
29961363
29964348
29970289
29972267
29980494
29981291
29982083
29987025
30010366
30029026
30044019
30046833
30047755
30056196
30061413
30062613
30062852
30077432
30084980
30088476
30104337
30118388
30118871
30141188
30143454
30145207
30148747
30172005
30176368
30217551
30219291
30225805
30227155
30233003
30243035
30251766
30261368
30262338
30266003
30266022
30266438
30268937
30291441
30292808
30294823
30303447
30308570
30316743
30321093
30321614
30322482
30326205
30326472
30344017
30353970
30357662
30366150
30394220
30409236
30416114
30439509
30440458
30440776
30445892
30446435
30447186
30451340
30484373
30488820
30500664
30504281
30507735
30511111
30520271
30540154
30540702
30552572
30552906
30561724
30571975
30579926
30581042
30593684
30594423
30594682
30599191
30599452
30615898
30615922
30622047
30627901
30639923
30641339
30654713
30658120
30661524
30665009
30668484
30688485
30695553
30699438
30703519
30703521
30711709
30714198
30716688
30737306
30738550
30739061
30739618
30744538
30756349
30757958
30761601
30768406
30773729
30776100
30777001
30780118
30798009
30798010
30799848
30802472
30825590
30852644
30856138
30861143
30868401
30880661
30885789
30898654
30902640
30907618
30907717
30911182
30913967
30918091
30924264
30926140
30941844
30945592
30953669
30954710
30964615
30965131
30974241
30978625
30989667
30991253
30999087
30999293
31000587
31002014
31008647
31022364
31028560
31031203
31035283
31051294
31070785
31071348
31071496
31071554
31077842
31078833
31078935
31099141
31103548
31103786
31104963
31122340
31144614
31146540
31148298
31150692
31152181
31153052
31154020
31162336
31173426
31176467
31181421
31190662
31196432
31200127
31206840
31213656
31225733
31226548
31230462
31239219
31241756
31242356
31246041
31247298
31260599
31272104
31279324
31283482
31292887
31303489
31310452
31310861
31317655
31326440
31352028
31352467
31353921
31365285
31379120
31383343
31386919
31389253
31389264
31399924
31400052
31400532
31401540
31405923
31442514
31445390
31448928
31455572
31463714
31472416
31473276
31492567
31494048
31499435
31505454
31525588
31539685
31545966
31547673
31548088
31554096
31557444
31559561
31561251
31593709
31595737
31597159
31599629
31601424
31611042
31617639
31622796
31625764
31629196
31629830
31634753
31640452
31648199
31654759
31657138
31669300
31669410
31678750
31682958
31697986
31702428
31707312
31726067
31745689
31747561
31757518
31764389
31770471
31790350
31790752
31809726
31812714
31818770
31826945
31851554
31868249
31870934
31884056
31887423
31888419
31899285
31901984
31904390
31907881
31910918
31918237
31926178
31927054
31931000
31953029
31956027
31958997
31965595
31978492
32003523
32018217
32024421
32030471
32032447
32035163
32057995
32063231
32081615
32090389
32092492
32112961
32120012
32145661
32271707
32299789
32485705
32505630
32743999
33346413
33350991
7624341
7746407
8544662
8922425
9007554
9070990
9090589
9185675
9233007
9299385
9344822
9345475
9371924
9421177
9498591
9631468
9673666
9674573
9676436
9712010
9749610
9831446
