10790322
10841995
10888341
10950912
10988030
11034858
11034863
11034866
11162272
11496124
11697945
11707105
15505971
16167193
17828390
17873494
19641250
20677377
20695652
20714060
9212721
9665648
10102821
10320379
10363454
10524597
10601743
10607400
10683827
10716202
10769309
10808145
10871012
10928739
10931772
10980732
11003272
11026450
11050024
11054915
11104962
11216882
11232158
11296717
11388925
11549618
11590113
11677398
11733724
11797080
11848695
11897168
11906222
11973474
12005883
12202075
12404614
12427681
12467124
12590842
12591633
12595190
12628177
12722972
12803967
12821793
12914254
12948738
14505331
14565025
14585751
14588230
14614811
14642475
14674837
14704218
15072678
15106845
15142964
15164897
15165353
15165354
15167540
15232289
15238433
15291720
15291722
15305123
15382253
15504334
15511655
15570506
15570507
15589108
15643429
15711850
15721187
15734354
15746230
15899117
15936784
15940493
15955504
15982787
16079407
16135780
16197682
16237324
16253524
16272875
16306271
16319374
16364137
16400256
16417683
16512999
16525417
16584892
16636288
16685905
16707739
16715491
16717257
16735070
16796996
16815966
16913952
16935007
16957953
16966840
17069484
17129192
17298595
17355908
17381255
17434419
17468013
17471059
17490893
17492693
17509541
17525987
17546682
17548160
17591554
17913515
17958487
17993204
18044634
18052787
18208887
18240326
18258337
18284348
18305285
18305932
18337404
18345987
18466410
18514745
18606175
18690393
18702587
18773963
18775735
18790063
18985116
18985123
19003497
19199409
19199416
19351572
19366289
19376245
19383937
19406903
19423779
19424359
19467357
19539767
19553210
19589374
19605520
19637012
19642881
19658029
19679763
19727598
19825351
19846703
19947462
19948225
19955414
19997039
20039023
20054816
20095463
20174930
20336690
20363336
20426143
20505108
20552497
20600989
20660746
20666600
20678489
20804287
21246667
21256186
21256228
21264650
21325514
21430161
21440069
21471389
21480834
21536055
21557892
21574047
21609676
21616985
21625010
21656872
21736455
21757014
21761688
21788526
21826481
21828200
21854998
21885736
21888981
21906662
21955726
21995793
21998070
22031872
22076808
22079204
22103784
22114100
22125269
22185061
22209783
22237494
22266411
22282432
22300811
22302842
22308408
22349497
22433287
22440654
22575794
22745498
22759716
22784605
22786703
22868937
22896722
23029866
23097310
23202663
23350907
23357116
23407275
23422330
23448868
23474076
23479657
23563963
23624336
23767925
23785164
23933474
23938766
23959200
24047389
24062451
24064069
24065729
24115202
24155309
24231554
24254747
24275831
24293562
24323497
24440779
24453176
24502903
24532700
24659134
24706395
24742227
24773415
24790211
24807817
24830787
24876345
24887644
24947462
24958687
25038426
25043264
25264229
25393839
25432772
25447072
25464758
25497221
25526598
25529014
25535307
26165305
26989921
9106758
9175134
9223090
9238495
9549687
9598706
9600987
9619196
