10860790
10982748
11133312
11751032
11906224
12062884
12655327
12802176
12944524
14700259
15130588
15184037
15483614
15784440
15795135
15800185
16033924
16339445
16504951
16778890
16785427
16959497
16971537
17475792
17949691
18045902
18295984
18375149
18572984
18612380
18787233
18981414
18997791
19211872
19524531
19587274
19897796
20032238
20032247
20138482
20188198
20357071
20472072
20505110
20805539
21106817
21325535
21451019
21534685
21555079
21741443
21864197
21933719
22194728
22250647
22309791
22339607
22922368
23041528
23313780
23355606
23365248
23392532
23476024
23536092
23982589
24298242
24355752
24367286
24474790
25055179
25112281
25206656
25498405
25698984
25798082
26176860
26510176
26640434
27177981
27623361
27975159
28131862
28250149
28686139
29408323
29408524
