10607399
11352615
11496124
11850635
14568477
14980212
15006683
15488424
15528097
15701234
15808992
16035037
16055351
16122944
16171833
16406606
16759672
17071110
17404215
17408704
17627852
17964185
17986835
18370602
18439411
18486491
18501639
18514546
18537114
18585742
18603608
18633788
18633834
18633846
18633856
18783371
18985118
18985119
19015088
19107754
19136216
19304843
19347874
19439183
19733672
19944083
20045478
20056152
20071521
20096792
20119878
20188182
20188190
20350171
20534459
20705602
21320516
21600991
21606658
21703352
21849560
21862446
21908447
21940454
21955370
22019860
22349798
22360624
22563005
22661409
22726841
22841755
22956840
23063451
23221019
23249349
23298748
23327932
23435496
23460073
23482624
23508477
23574585
23599165
23620602
23684882
23696200
23720575
23722983
23740868
23813661
23876243
23887810
23988759
24051621
24068815
24084068
24097375
24243619
24294841
24294906
24414614
24462962
24583253
24633532
24639542
24652858
24666131
24726338
24814646
24824165
24825504
24842782
24936688
25042446
25088911
25281889
25315788
25534111
25640962
25697049
25716010
25911123
25929599
25944965
25996424
26117505
26143208
26206505
26235682
26254589
26262561
26323252
26342221
26365506
26385612
26417673
26481048
26567160
26598684
26604273
26608245
26656563
26803059
26812250
26892859
26908320
26969865
27007121
27039141
27095057
27165762
27217118
27236373
27319001
27496338
27510495
27528669
27568587
27576746
27622781
27716474
27856343
28477977
28504911
28905269
29039129
29073111
29221830
29265483
29432769
29582502
29740753
29777673
30056560
30077577
30272134
30658938
30852995
30930310
31090126
31783116
