10024560
10025564
10025606
10030646
10050895
10071049
10080553
10088900
10094234
10096413
10096415
10097158
10097992
10100232
10195166
10197540
10199643
10211469
10218904
10219788
10220229
10318979
10322569
10329291
10349294
10353369
10356060
10363454
10371535
10377359
10385578
10385579
10385580
10389670
10390024
10390725
10392375
10392545
10402199
10426417
10428191
10432181
10433263
10435827
10439584
10449122
10450259
10454134
10468516
10468630
10471847
10471848
10486407
10495195
10506097
10510193
10511640
10524597
10547332
10548667
10552242
10554243
10554592
10554992
10571235
10574350
10581226
10599807
10599862
10601054
10601744
10607401
10616631
10618147
10619411
10632617
10636145
10647613
10648437
10648441
10660297
10666553
10666563
10674479
10677364
10683393
10683395
10688201
10689044
10694460
10694462
10716869
10720291
10725185
10725191
10734010
10750188
10753488
10753975
10762158
10762504
10768619
10769309
10769310
10769314
10769315
10769317
10771410
10771413
10771415
10775540
10775705
10775709
10785252
10789305
10798392
10808134
10808138
10809734
10812475
10817581
10823306
10828413
10836642
10843515
10844366
10847601
10852226
10852235
10860566
10860788
10860791
10863028
10867223
10869051
10869585
10869586
10888504
10902692
10903207
10906316
10908201
10912589
10923670
10924219
10928738
10928739
10934267
10943689
10943724
10943726
10944414
10945255
10945335
10946755
10950920
10957793
10962147
10969937
10976633
10980035
10982747
10985287
10988032
10988033
10988034
10988036
10993408
10995377
10997451
11002702
11007729
11015323
11032590
11036292
11043547
11049665
11052544
11054918
11055257
11055951
11058475
11059456
11073867
11074868
11087770
11090909
11095716
11097966
11098794
11099727
11112290
11112401
11113035
11125237
11133314
11133789
11133799
11134389
11137792
11142323
11150934
11157230
11167046
11173892
11181868
11189943
11192634
11194409
11194410
11201097
11209065
11209939
11209958
11222451
11223416
11229918
11230094
11230098
11231095
11241873
11244546
11247643
11247649
11247998
11251124
11253842
11273413
11274654
11277563
11280962
11283211
11284045
11287136
11287137
11287664
11290391
11296587
11296686
11296856
11304080
11304083
11305893
11306101
11309673
11311036
11331773
11338191
11338201
11339984
11343588
11346888
11346889
11352616
11352622
11356379
11369403
11369672
11378312
11386224
11386470
11388362
11388917
11409750
11409752
11410952
11422456
11426233
11431170
11431234
11445627
11447339
11451478
11459753
11463481
11467915
11467924
11478418
11487193
11489619
11500989
11504602
11506530
11506532
11506643
11506654
11506663
11506664
11506665
11523273
11523277
11523278
11525320
11525325
11525326
11527554
11543056
11549614
11554801
11554802
11556714
11559962
11564318
11564325
11564326
11564327
11568402
11568417
11571220
11571224
11578663
11580903
11587890
11588585
11594350
11595101
11595102
11595103
11595260
11595262
11595392
11598329
11602999
11605073
11606687
11640936
11640940
11665943
11682258
11684178
11684894
11689302
11697869
11697931
11702048
11703062
11709486
11716759
11721864
11725858
11732904
11733724
11737158
11742227
11742243
11744782
11744784
11747098
11750903
11756528
11771973
11784444
11784773
11784798
11785937
11786212
11798267
11798278
11798384
11798391
11811663
11820938
11825678
11829645
11834595
11835600
11835603
11838800
11844736
11848695
11848708
11848710
11853857
11853988
11858725
11866118
11867247
11867254
11875570
11881782
11891830
11896642
11900104
11906222
11906226
11906228
11906232
11906233
11906234
11906238
11906240
11917343
11921050
11923092
11924878
11930131
11931917
11931949
11944506
11955961
11960895
11960900
11969327
11969333
11970784
11971086
11973025
11985837
12015760
12030822
12030966
12055275
12062754
12070719
12112764
12112766
12112767
12112770
12114001
12126497
12126502
12126503
12133565
12136067
12138657
12139956
12144587
12150424
12151507
12164671
12164856
12165479
12167262
12168356
12169253
12169255
12169256
12169257
12181004
12183389
12185544
12187466
12187470
12197012
12201633
12202077
12210783
12214784
12218693
12226721
12353242
12372029
12372291
12377153
12377158
12377160
12377169
12377603
12379604
12397138
12397879
12402040
12414253
12414263
12414285
12414292
12417470
12417678
12417766
12419128
12419129
12419130
12419131
12422317
12424086
12427682
12428121
12445630
12446688
12447936
12452642
12455680
12455682
12456913
12466452
12467100
12477599
12477703
12488794
12488812
12498750
12499412
12499485
12499842
12507948
12509846
12511168
12513944
12522194
12525725
12526781
12538399
12549050
12555568
12562581
12565688
12566284
12569778
12590843
12590844
12590845
12590911
12590915
12593457
12595181
12595196
12595200
12595206
12597867
12599132
12599272
12599273
12599275
12599276
12599279
12599281
12601097
12606841
12621332
12625466
12638581
12644352
12646576
12648747
12662974
12667523
12667849
12667856
12667857
12668235
12668238
12670318
12676062
12676063
12676064
12677330
12679298
12681347
12703013
12716950
12727695
12727697
12729490
12729491
12735942
12736349
12744947
12744948
12753955
12754516
12755727
12757912
12763197
12766363
12768535
12777344
12781595
12781727
12781731
12784858
12789013
12799379
12803967
12804683
12806903
12808458
12808506
12811730
12811733
12814577
12814582
12819784
12821416
12821793
12824759
12824762
12832246
12842305
12859348
12860694
12867532
12868390
12873392
12874401
12874776
12880788
12880792
12880796
12880825
12880833
12880918
12888543
12899747
12900319
12902311
12911455
12925933
12946085
12948694
12948695
12948705
12948716
12948717
12952420
12953304
12958206
12959514
12965041
12965045
12967920
14502075
14502076
14511533
14516534
14516556
14520655
14527565
14527585
14527590
14527618
14567169
14568474
14568478
14568504
14570838
14571316
14573533
14590589
14607167
14607175
14615073
14622064
14625017
14642489
14643070
14644559
14653660
14659072
14659492
14659500
14663179
14670578
14672158
14673803
14682241
14683698
14683700
14683718
14683721
14689505
14690803
14696899
14702248
14704218
14709228
14715131
14725640
14728216
14728918
14730931
14732623
14738284
14738287
14739418
14741110
14741318
14741643
14741648
14741674
14741683
14745170
14749289
14752707
14754772
14754779
14754865
14755833
14758364
14759630
14969780
14972366
15006041
15006649
15014901
15031438
15034226
15038008
15040551
15050550
15050558
15050561
15050572
15050577
15050590
15050593
15050709
15050780
15053257
15054068
15056509
15058185
15068589
15068590
15068599
15068913
15068914
15068921
15072425
15073516
15076744
15076754
15090336
15094461
15094489
15095561
15102619
15105451
15108298
15109993
15109996
15110006
15110007
15110040
15110736
15120534
15120536
15122435
15128414
15130584
15140927
15142959
15154675
15165357
15169688
15172523
15178176
15178178
15183384
15183388
15183402
15187808
15193595
15193605
15193625
15193626
15195289
15196669
15196672
15200701
15209063
15217896
15232304
15237444
15238433
15246283
15246451
15248033
15259888
15259890
15260962
15268917
15268927
15269107
15269349
15275916
15275917
15275926
15275937
15279058
15291721
15302055
15305123
15309057
15325350
15329304
15342098
15370896
15380014
15380118
15383742
15390152
15449355
15449356
15449358
15449359
15459025
15464350
15473053
15483134
15486988
15489381
15490462
15503571
15505156
15505972
15511656
15513220
15514398
15514975
15525285
15528088
15528092
15528098
15528105
15533557
15537676
15542241
15561477
15562413
15572744
15574467
15578167
15582751
15584774
15586217
15589089
15589099
15589108
15593269
15598550
15601519
15601603
15605289
15607689
15607991
15619544
15627586
15627589
15629765
15635062
15640752
15647525
15647526
15647956
15652298
15652319
15652323
15653293
15659597
15669228
15670692
15670701
15689557
15699382
15699384
15700721
15701225
15701230
15711850
15714895
15716306
15716468
15721193
15721770
15721955
15721963
15723385
15728651
15728740
15729137
15734360
15739047
15741667
15758155
15758910
15766766
15769206
15769497
15771403
15771407
15788265
15804920
15805874
15808982
15808996
15809000
15809482
15811529
15812317
15812320
15814003
15814006
15817169
15818736
15819715
15820631
15820652
15820861
15824343
15833985
15841675
15846769
15847578
15849713
15849896
15851723
15862222
15880106
15881403
15882649
15882949
15884095
15885517
15886744
15892754
15893458
15893473
15893574
15894493
15896383
15901409
15901490
15904540
15904543
15904939
15907300
15907313
15908048
15913007
15921900
15921937
15927485
15928057
15929098
15933252
15934062
15936178
15936503
15944134
15944143
15944370
15947057
15955586
15956516
15956597
15961322
15969912
15975942
15978839
15978843
15983451
15993573
15993766
15997022
16000809
16000986
16001441
16002333
16006150
16009568
16009569
16012318
16019040
16019572
16020770
16023686
16023871
16026558
16027011
16027161
16035045
16036155
16036465
16042035
16051501
16055350
16060826
16075182
16082657
16084739
16085594
16087437
16095887
16098571
16099355
16099368
16102237
16102979
16106488
16107352
16109492
16118045
16123869
16126414
16129481
16132182
16133379
16135634
16139383
16142480
16142777
16154446
16157284
16162427
16168674
16169530
16170092
16176366
16178033
16180020
16180627
16188459
16195470
16197695
16198053
16199830
16199831
16219423
16220327
16220355
16224612
16225965
16233219
16234297
16236914
16242351
16242924
16243053
16247013
16251506
16253527
16257546
16263248
16269094
16269111
16269249
16272878
16275017
16275141
16275931
16280351
16280465
16284946
16286547
16289880
16290017
16296561
16298427
16300967
16301489
16302099
16302133
16304476
16310346
16313931
16318450
16319374
16324382
16325141
16328442
16337816
16340161
16341023
16342011
16343950
16356323
16356324
16356325
16356780
16359873
16373577
16380101
16396090
16399678
16400163
16400385
16407479
16410203
16413049
16413792
16414281
16417683
16419371
16421329
16427033
16427099
16427323
16434125
16436608
16460705
16460792
16460858
16462606
16472901
16473449
16478667
16492377
16494687
16495939
16500128
16513006
16513369
16517966
16525130
16530393
16530428
16530429
16530885
16531689
16531690
16534106
16537568
16540350
16540351
16543807
16544580
16545966
16547345
16547570
16547922
16550585
16554123
16565949
16572362
16575838
16594871
16595495
16596618
16600448
16603712
16611797
16615855
16616721
16616863
16620890
16624525
16630832
16632288
16633288
16636707
16639742
16644241
16647271
16678926
16686653
16687552
16688469
16702002
16716387
16720794
16725189
16725214
16730754
16731723
16738490
16740379
16750396
16753205
16754652
16766208
16766230
16767090
16767768
16768368
16769225
16775140
16781779
16784724
16791099
16805929
16806070
16806316
16806317
16813161
16814525
16817882
16823480
16828542
16831858
16837834
16837858
16839289
16839291
16839299
16845597
16847376
16847681
16854944
16858568
16859416
16861011
16876436
16879842
16881268
16881270
16894910
16899397
16904083
16904794
16912590
16919479
16919850
16922875
16932146
16934234
16934491
16935269
16944477
16950224
16950986
16953305
16954690
16959412
16961940
16963282
16972011
16979559
16981601
16987673
16989874
16990015
16996717
16997366
17010394
17011097
17011320
17015076
17020747
17029986
17030047
17035046
17037067
17046160
17050709
17059461
17061117
17061706
17062947
17064446
17064940
17069478
17069805
17076255
17081771
17085021
17088019
17092490
17101687
17101688
17101897
17103164
17105320
17106215
17110132
17110592
17113672
17118474
17123070
17123479
17126368
17129186
17129196
17132981
17133384
17133392
17133401
17134649
17136217
17136467
17141165
17147975
17159136
17159232
17159615
17161627
17171338
17173868
17178430
17182108
17184881
17188577
17196398
17196834
17198694
17202651
17215145
17218001
17223190
17229109
17229404
17236244
17242854
17243356
17266104
17266108
17267934
17272081
17272835
17274018
17274021
17274024
17276751
17277726
17282448
17283202
17283282
17287508
17292928
17295038
17298962
17301676
17306963
17317678
17318832
17321757
17322084
17329129
17329425
17335392
17336346
17339089
17347765
17353296
17378228
17381253
17400477
17401088
17401090
17407824
17410280
17418591
17418888
17419833
17425535
17426589
17431059
17432219
17433380
17442521
17444510
17448546
17451759
17456359
17459349
17475965
17478084
17488205
17494829
17496793
17498975
17499160
17500009
17502592
17504783
17505089
17507455
17507573
17512615
17517680
17520437
17522324
17524589
17536970
17538950
17543421
17544157
17547582
17548751
17550770
17552251
17570644
17572110
17573375
17574870
17575989
17576279
17576286
17581717
17586869
17597301
17606661
17608908
17610823
17617658
17621607
17634931
17643400
17644222
17651009
17651011
17651989
17652579
17659885
17662699
17669266
17672304
17672384
17673231
17674355
17676552
17684586
17696854
17700086
17704533
17705220
17707444
17712270
17713133
17714013
17716696
17720269
17720547
17726086
17728610
17729011
17768265
17784808
17822035
17827174
17868904
17882232
17884748
17885610
17890109
17892384
17892385
17892394
17893294
17894602
17895193
17897404
17907600
17907816
17909128
17910601
17911372
17913513
17919083
17921875
17924553
17928441
17932739
17933023
17936014
17936016
17938748
17938922
17943007
17945955
17946432
17948885
17954780
17958479
17958480
17964221
17965034
17967992
17977592
17980497
17981055
17984858
17989877
17996463
17997284
18004948
18004949
18004950
18006618
18007181
18023824
18042726
18052787
18054085
18055184
18055942
18056074
18056637
18060812
18061152
18063344
18068690
18072236
18077688
18094859
18095283
18095790
18158273
18162699
18164389
18172852
18180141
18180168
18182174
18184849
18192445
18201124
18219619
18226833
18234509
18239434
18241993
18245041
18245043
18248739
18249423
18255103
18264095
18270878
18271736
18275332
18275335
18278211
18279361
18279872
18279947
18280753
18284344
18284352
18296072
18303982
18303983
18304205
18308588
18308708
18314252
18316728
18325543
18327513
18327830
18330870
18330872
18333980
18334537
18337422
18338164
18338245
18340544
18342424
18345980
18345989
18346369
18349055
18353285
18353679
18356025
18361438
18367601
18370593
18370598
18374608
18375148
18378166
18381767
18387583
18387584
18387825
18395472
18400793
18411061
18413290
18416672
18416674
18418253
18420234
18423328
18434091
18434201
18434233
18435753
18445024
18452748
18457510
18460045
18465750
18468869
18479872
18481063
18483867
18489964
18489966
18489967
18495180
18499478
18504037
18504162
18506167
18508219
18511683
18513352
18514168
18514678
18528855
18541979
18554928
18555666
18559406
18564038
18570207
18576142
18577292
18578599
18578601
18579426
18582580
18585932
18589505
18596608
18597727
18599025
18602483
18608849
18611446
18619668
18630473
18633777
18633854
18634848
18635241
18648230
18652304
18656462
18661503
18664520
18664692
18668293
18669589
18670133
18672057
18675362
18677653
18686056
18691703
18692790
18694837
18702594
18703030
18711708
18717713
18718543
18723260
18724689
18725239
18726910
18758379
18759811
18760292
18769307
18771673
18771675
18771801
18779428
18781441
18790618
18790818
18791416
18804916
18806917
18809406
18817883
18820289
18822797
18823229
18823233
18825386
18826418
18829095
18835663
18840418
18849533
18853338
18854323
18922649
18930165
18930749
18949462
18954477
18955907
18971476
18976807
18978327
18985132
18985283
18986695
18990710
18991338
18992759
19001084
19003956
19004769
19005913
19010423
19012106
19014290
19015038
19015080
19015096
19015115
19015369
19016606
19018482
19020205
19022856
19026751
19027078
19027195
19035096
19038275
19039579
19041332
19046030
19047359
19052111
19052212
19058786
19058816
19062135
19072896
19074015
19076386
19076387
19076399
19079567
19082766
19082787
19084220
19091969
19092068
19100312
19100847
19105056
19107605
19107748
19107752
19111291
19117605
19122029
19138905
19150518
19151880
19152087
19163596
19163697
19166946
19176280
19176802
19180558
19181695
19182479
19184993
19188539
19194794
19199404
19224116
19229499
19232155
19236925
19259973
19261872
19263420
19273460
19279244
19285142
19285144
19285381
19285401
19288464
19294641
19296551
19296728
19301991
19301993
19301996
19306848
19321651
19328233
19338714
19345269
19347876
19348727
19349314
19350562
19350564
19357387
19361999
19366617
19368857
19368905
19375234
19376237
19378881
19383503
19383831
19383937
19384890
19387979
19389718
19393340
19397867
19397900
19405148
19409265
19413476
19413481
19414462
19419593
19429173
19433099
19443630
19444347
19445603
19446640
19446799
19447852
19450690
19453526
19453637
19457379
19457385
19465009
19465134
19474122
19479729
19480235
19490042
19492301
19497374
19501603
19505993
19507155
19515831
19525715
19530217
19530521
19536354
19536435
19538948
19546154
19554559
19554560
19557858
19559797
19559802
19560544
19560547
19561061
19563819
19566776
19573900
19580381
19586700
19591947
19605520
19605642
19617860
19618170
19619181
19620139
19620957
19631717
19639554
19642887
19643917
19645622
19664766
19665784
19666829
19673745
19673793
19679762
19683419
19692211
19698726
19698727
19698980
19702460
19704080
19711194
19715732
19718654
19720089
19725251
19726233
19733673
19740135
19744553
19744566
19756752
19759202
19765205
19765600
19774350
19778392
19778517
19780042
19781653
19781939
19782696
19786284
19795141
19803684
19803693
19817807
19825347
19833971
19837174
19843664
19846064
19847902
19851183
19853040
19854279
19863178
19863259
19878726
19878727
19879365
19882649
19883668
19890846
19906809
19925196
19925197
19927261
19931402
19933712
19940790
19946611
19958383
19959006
19959344
19967597
19995868
19996582
20004247
20004724
20008650
20016003
20018360
20018636
20025978
20026224
20030056
20034571
20034582
20038434
20044886
20045070
20049657
20051318
20053347
20053379
20053431
20056150
20060103
20061325
20071019
20080877
20083395
20085788
20087841
20097290
20101420
20104059
20107793
20113879
20117764
20119495
20123114
20123912
20128672
20138262
20138900
20144896
20150406
20154432
20156575
20157373
20158161
20161012
20162599
20162603
20164122
20164350
20164554
20167415
20175998
20176043
20177671
20188187
20188195
20189190
20190005
20201631
20203196
20218804
20221954
20227458
20227508
20230844
20233641
20298792
20299389
20302028
20303392
20304477
20336655
20338015
20345597
20346460
20347043
20347996
20350176
20350178
20350181
20350608
20362418
20368310
20368422
20377346
20380883
20382629
20384762
20385152
20385153
20385169
20385245
20395549
20401770
20410363
20413893
20414084
20418042
20419342
20420925
20429137
20429752
20433227
20433237
20433242
20433856
20435051
20451625
20452399
20455867
20457166
20457960
20465933
20466541
20467871
20472279
20490605
20501508
20505930
20508544
20514387
20519535
20524514
20530540
20533560
20544294
20547416
20561898
20561934
20570740
20579177
20600969
20600979
20600985
20602897
20610743
20616672
20619347
20620212
20621407
20627131
20627366
20630744
20631176
20633659
20634590
20639817
20645312
20654721
20656105
20660768
20662368
20670970
20679593
20679633
20680252
20680995
20681014
20687340
20688087
20691675
20691792
20696496
20704899
20705437
20708907
20720103
20723560
20739053
20805535
20806499
20807058
20810219
20810879
20814963
20815733
20817279
20824394
20825290
20826428
20828956
20831073
20847400
20848735
20851168
20854619
20857849
20862617
20869375
20870689
20882553
20884355
20884362
20886575
20888806
20888847
20889651
20919769
20932878
20933062
20933093
20934519
20940222
20945177
20954937
20956466
20957359
20957581
20957583
20957584
20957649
20961169
20961661
20964592
20965253
20973214
20974270
20976129
20977940
20981611
21036014
21038287
21040695
21051084
21054920
21073483
21073548
21077136
21078303
21091867
21093970
21109009
21111045
21111052
21126156
21134014
21135385
21138392
21140434
21144499
21144998
21145042
21146553
21146615
21148006
21154218
21159322
21159952
21163275
21163276
21163879
21168516
21171304
21173250
21175881
21182967
21188286
21198976
21203784
21211567
21215597
21224415
21229617
21232614
21238468
21238490
21241718
21248130
21254799
21261451
21262244
21262807
21265600
21265605
21266125
21273134
21282317
21296027
21296170
21300399
21303384
21306732
21314613
21318476
21329676
21332594
21333539
21335059
21338547
21339513
21349335
21350048
21356317
21357880
21371560
21375473
21377797
21383104
21383641
21385619
21391245
21391255
21391256
21391265
21391268
21391272
21391767
21396384
21402920
21411108
21414466
21419788
21420319
21421059
21421061
21425391
21425399
21427462
21430432
21430585
21439268
21441396
21443341
21446782
21447325
21447350
21450336
21452944
21453752
21462008
21467845
21479733
21484956
21498308
21498531
21500313
21504992
21509493
21511040
21515640
21520342
21526132
21526446
21527413
21529702
21536784
21536967
21543191
21546073
21549196
21554963
21557647
21557650
21557954
21563885
21565227
21574715
21590585
21592844
21593437
21600294
21601432
21601634
21609767
21612817
21618660
21620978
21620984
21624566
21632945
21640191
21643949
21645561
21646331
21649758
21651864
21651921
21653865
21660483
21671743
21675596
21680844
21683723
21684722
21689672
21693783
21697712
21705060
21705938
21709173
21710364
21715629
21719430
21729755
21729758
21733887
21734437
21738117
21741081
21741093
21741484
21743761
21745006
21750952
21775616
21777596
21777908
21778107
21778672
21780233
21782960
21787139
21791169
21792570
21795366
21803125
21803339
21812560
21812571
21813693
21820455
21824835
21826394
21833659
21839176
21846300
21859598
21862036
21865577
21875578
21880924
21883628
21889196
21889520
21892700
21893681
21897444
21898678
21901366
21903085
21905803
21906049
21906688
21908392
21909174
21914483
21916561
21917849
21922972
21932265
21937029
21945850
21954000
21955165
21968566
21970108
21971474
21972276
21976626
21983479
21985692
21985908
21987501
21991849
21994390
22000597
22001266
22003705
22006060
22006979
22019080
22019203
22021913
22023051
22032948
22038783
22042493
22047967
22048461
22049410
22050514
22065013
22066589
22078639
22078745
22081100
22082460
22085863
22086009
22089661
22093438
22100772
22103784
22113486
22116039
22119187
22123940
22146852
22147958
22150407
22154509
22155328
22156049
22162145
22164854
22176162
22188383
22189657
22192637
22196742
22197719
22200490
22202882
22208995
22212987
22226798
22227457
22227560
22234681
22236887
22238084
22239582
22245646
22251836
22254517
22258040
22260958
22262880
22263343
22266175
22266262
22271235
22271546
22272622
22278320
22279232
22279249
22281240
22282457
22285025
22285904
22290265
22302550
22302824
22305991
22306088
22306805
22317687
22321646
22333611
22337757
22342746
22347762
22349497
22350062
22359341
22359350
22360275
22360595
22360625
22365049
22367469
22368322
22370913
22371619
22378493
22378588
22387166
22387167
22387168
22387596
22390321
22390465
22390467
22391476
22410476
22414592
22422512
22422804
22425598
22433050
22437052
22440644
22445697
22451240
22451272
22462504
22466563
22467388
22468945
22470713
22480729
22481042
22483077
22484130
22489464
22504766
22505284
22505661
22510204
22512289
22513340
22516367
22518017
22519521
22521476
22521874
22526598
22527119
22534570
22539820
22541026
22541369
22543811
22548805
22559910
22561179
22564481
22564748
22564749
22565201
22569063
22579495
22579997
22582967
22584225
22584229
22584235
22592018
22596267
22608404
22617625
22621260
22622435
22632811
22632813
22633443
22634066
22642711
22652306
22659111
22659393
22664323
22669497
22670521
22672158
22672735
22674283
22678838
22678839
22682901
22682903
22682904
22682916
22693338
22698991
22699896
22703623
22711287
22711620
22717280
22721380
22728131
22730514
22733189
22736513
22736538
22744798
22745508
22749065
22750056
22750057
22752697
22759716
22759999
22763170
22764255
22777857
22781152
22781162
22788694
22796505
22797273
22798396
22803346
22806040
22806802
22807028
22809738
22815229
22819309
22820634
22828255
22835685
22836179
22840762
22841350
22843413
22846335
22849399
22854261
22855447
22867993
22868352
22869007
22897026
22901627
22906785
22906790
22941431
22941838
22948550
22951258
22956668
22956671
22968047
22975148
22975196
22980080
22981562
22981890
22982513
22982585
22986643
22987790
22990206
22993425
22995943
23010489
23019005
23019128
23022750
23031747
23032488
23033120
23036586
23037186
23042731
23044279
23047371
23052452
23055513
23063843
23063844
23064107
23070466
23071163
23079490
23084460
23085280
23087497
23090853
23103518
23103691
23105546
23115166
23124385
23124612
23124719
23136412
23141074
23142279
23147501
23149036
23151171
23158719
23160011
23163414
23164479
23167193
23172518
23177656
23178904
23183709
23184998
23194816
23196144
23199140
23199565
23199762
23201367
23207513
23208196
23220494
23221862
23223279
23224937
23225581
23227137
23227882
23233279
23238964
23240997
23241648
23242968
23243317
23246777
23249348
23249350
23254158
23259955
23262075
23274185
23277140
23281111
23283330
23287569
23291188
23291752
23294162
23297077
23297860
23306014
23313011
23313448
23314836
23317841
23319042
23322403
23324649
23325910
23332807
23333416
23357111
23357203
23363413
23366379
23369306
23376214
23380461
23382516
23383863
23390170
23392179
23392204
23392667
23394712
23395194
23395488
23395830
23399945
23400560
23400699
23403399
23408565
23416451
23418123
23425892
23426796
23428569
23433223
23435212
23445555
23448522
23453584
23454569
23458438
23459862
23465967
23470463
23471694
23474077
23480847
23482065
23486316
23504059
23506969
23507386
23511822
23511846
23516317
23523270
23527652
23537530
23544412
23545112
23548150
23552443
23558170
23568269
23572047
23573872
23576811
23578576
23580397
23582377
23583968
23588185
23591255
23599167
23602885
23603588
23617075
23620601
23624171
23631988
23637175
23645715
23648277
23652421
23660680
23662861
23662864
23664950
23670980
23672819
23673477
23678116
23684849
23684863
23684873
23688214
23701693
23707507
23726779
23727320
23739982
23744033
23747332
23752131
23756038
23761907
23764381
23769862
23773118
23774464
23777062
23778975
23785167
23788599
23790741
23792788
23796543
23796961
23803298
23807175
23811413
23811729
23816958
23831433
23849992
23853088
23853172
23856947
23859387
23859642
23864694
23867077
23872198
23876114
23880958
23884951
23891645
23893849
23901136
23906265
23913818
23916391
23921102
23928982
23933469
23933470
23933471
23933473
23938321
23942392
23954713
23954868
23955287
23956838
23962015
23962957
23963602
23964595
23966699
23968177
23968211
23969195
23983202
23988110
23993283
23994453
23998338
23998674
23998951
24007872
24012545
24021809
24025798
24027604
24029377
24038636
24047381
24049739
24052613
24056237
24060006
24068551
24070614
24071913
24089502
24090774
24094578
24096208
24101684
24111300
24116838
24117474
24119150
24121087
24124929
24127425
24129489
24135133
24135134
24142410
24142432
24144510
24144956
24147486
24150105
24155321
24176576
24176981
24183466
24183467
24183468
24184576
24187135
24187438
24194577
24195205
24210960
24210961
24212056
24215973
24216407
24222217
24232859
24238925
24243552
24257806
24259581
24262200
24262681
24275075
24285896
24291502
24291524
24293715
24296894
24305996
24307677
24315838
24315840
24316238
24322820
24335032
24345172
24351976
24352377
24352703
24354970
24357070
24357099
24368264
24370468
24373986
24380831
24380867
24381278
24381294
24392906
24396008
24405186
24412799
24417611
24425352
24434677
24436318
24438798
24440242
24443693
24444739
24453137
24453184
24456389
24471481
24473731
24473996
24475821
24478343
24486563
24486613
24489134
24493451
24495404
24495660
24498851
24507118
24508158
24512703
24513232
24514874
24518260
24524705
24524912
24526187
24530294
24534479
24534814
24553150
24553928
24556337
24557502
24563179
24564466
24564467
24568205
24573555
24578281
24583254
24583653
24585433
24594855
24607732
24607883
24610839
24612926
24613016
24615479
24617815
24619536
24621494
24628776
24631366
24647432
24650602
24652857
24655122
24657924
24666126
24669789
24677506
24679850
24683066
24686092
24692512
24695697
24695720
24706011
24725071
24725141
24726334
24732287
24735993
24736173
24738536
24746497
24760360
24766286
24772979
24789863
24790197
24794918
24795437
24811733
24812764
24812876
24814675
24814725
24818388
24822360
24825786
24828546
24828642
24834144
24838264
24845600
24857770
24858066
24859815
24862072
24862983
24863251
24869930
24877983
24893344
24893737
24893907
24895735
24905286
24912072
24920613
24924545
24933580
24935778
24937269
24939724
24948034
24953957
24954512
24956066
24956571
24958241
24960046
24969443
24970567
24992291
25000524
25000525
25008350
25012096
25014614
25024335
25028156
25037924
25040779
25046122
25047449
25062837
25065602
25067812
25075268
25077489
25080518
25084224
25087482
25119145
25123110
25133927
25134976
25138546
25140552
25146374
25147422
25148880
25152466
25156160
25164120
25164675
25172183
25173956
25182478
25196948
25199563
25199736
25203559
25205659
25206932
25210055
25218236
25218238
25218951
25219508
25222200
25222292
25225000
25241043
25244122
25244942
25246586
25249406
25252229
25252868
25253845
25253863
25261745
25269114
25270242
25296409
25298199
25305809
25308631
25313954
25315244
25315785
25316341
25326039
25339747
25352153
25352455
25355487
25362041
25366580
25378154
25394198
25413496
25420201
25422460
25440018
25444089
25445775
25446970
25447068
25447235
25447374
25447375
25447993
25449530
25450147
25452579
25453990
25455744
25461916
25462197
25462791
25463464
25463812
25463814
25463816
25464758
25467303
25468173
25468570
25485743
25491078
25495216
25496329
25498409
25498951
25500359
25515329
25515348
25528104
25535307
25541365
25541600
25547636
25558081
25568592
25578430
25585276
25586709
25589667
25589757
25592369
25594153
25595984
25596589
25598049
25609767
25619771
25619848
25620492
25631058
25636911
25637804
25646465
25650106
25660537
25662409
25680742
25681681
25682046
25687593
25698585
25703620
25708625
25716853
25720803
25728012
25731903
25731995
25747965
25750259
25767185
25770126
25773611
25776210
25791396
25832914
25835405
25835556
25842859
25881908
25958694
26024465
26139954
26157973
26157983
26167112
26271230
26301527
26313395
26337735
26410528
26550318
26684070
26770429
26934420
27135039
27397232
29296374
30034564
30708693
33169038
8987760
9016263
9028776
9035075
9055273
9056277
9080448
9085922
9103996
9110978
9117371
9121583
9126060
9126402
9133614
9152113
9153522
9153677
9162072
9175095
9175896
9182726
9183247
9183248
9188545
9189928
9192679
9212281
9214769
9223094
9228094
9230126
9243644
9256370
9264019
9278544
9282371
9322400
9331920
9342692
9345552
9349721
9351656
9371851
9391022
9394230
9396945
9405692
9413882
9417968
9417969
9427375
9440828
9447736
9448260
9448576
9448582
9465008
9469156
9469931
9482939
9500832
9500833
9501235
9503973
9510217
9510380
9510387
9520553
9524796
9529825
9536407
9544671
9549517
9551786
9559944
9570579
9576541
9576825
9577389
9579674
9593960
9596341
9601664
9601908
9604000
9607516
9620697
9634568
9648541
9651372
9655624
9665585
9671783
9672226
9673662
9674604
9679774
9679777
9679785
9694237
9699694
9705250
9710022
9711754
9712582
9712663
9714377
9752818
9760124
9770548
9771784
9773059
9774715
9777284
9784061
9794011
9799345
9799347
9799627
9800089
9805319
9811553
9811557
9827770
9831471
9831743
9840371
9857961
9858384
9869705
9874211
9875717
9880046
9882087
9882089
9920476
9926099
9926396
9950069
9950716
9950717
9950718
9990104
