11998736
20352396
22009019
22425723
27707194
31105553
32410545
10050895
10206162
10223261
10226314
10325452
10364643
10374757
10380153
10412530
10417247
10436338
10436345
10457954
10520947
10536924
10553987
10593699
10604746
10632099
10651032
10723172
10727696
10728188
10765042
10775534
10795100
10835938
10940679
10940680
10965365
11032614
11032615
11045680
11059455
11071507
11074087
11090722
11103681
11117541
11132942
11149700
11160463
11193177
11209521
11217688
11288857
11305868
11320160
11320162
11486904
11514641
11563438
11598311
11606679
11673158
11712852
11723259
11790639
11792404
11827872
11829209
11834198
11844889
11851030
11889239
11890488
11929581
11939938
11982486
12022068
12034784
12043417
12053127
12080488
12080867
12135962
12146805
12166102
12169338
12213640
12223382
12244085
12390977
12417387
12451466
12459517
12476580
12480092
12553341
12564772
12593416
12599119
12604293
12607227
12682334
12684997
12716263
12717671
12732240
12733681
12734667
12755036
12768524
12783250
12796837
12823502
12844524
12850516
12876259
12901777
12910839
12938127
12955398
12975292
13130343
13677801
14509045
14551697
14560061
14567169
14568818
14609583
14639697
14716732
14739838
14746249
14762593
14991255
15004322
15023818
15052786
15072425
15084791
15084793
15122701
15174536
15178934
15178938
15178939
15178942
15178944
15178945
15178946
15215218
15252752
15314128
15324365
15489396
15505973
15525284
15536300
15551110
15562429
15570509
15615814
15683953
15689356
15722899
15729883
15739047
15760630
15774455
15800453
15822553
15826996
15841415
15844669
15875911
15908747
15930045
15965697
16021963
16032689
16041289
16088140
16180709
16192724
16193841
16210224
16237363
16240349
16243219
16249006
16251138
16252889
16265841
16273542
16317254
16319024
16324238
16328511
16328530
16340203
16363641
16375198
16406154
16416468
16477583
16495328
16510269
16514368
16534206
16534207
16613895
16768752
16771179
16773268
16845570
16875340
16908994
16914925
16938018
16987245
17003069
17012932
17030534
17030535
17030755
17070455
17080724
17086416
17088691
17099602
17101834
17117340
17129187
17172610
17182396
17195884
17203597
17239043
17296841
17347250
17350290
17353226
17353375
17356339
17374952
17380245
17381257
17389003
17415082
17420404
17439980
17445286
17478101
17479980
17502554
17522784
17532571
17541785
17544447
17545743
17566965
17615284
17620879
17659998
17662005
17846202
17846768
17851192
17907600
17928965
17945154
17962045
17965995
17971665
17976961
17988893
18040118
18044582
18066559
18080129
18166607
18166613
18176077
18191617
18207114
18210807
18261828
18262206
18307268
18323753
18379765
18401022
18405084
18408365
18412267
18437637
18445746
18512758
18593276
18609334
18617738
18690556
18695590
18706660
18756086
18771956
18784377
18800007
18802798
18836134
18843853
18854867
18937049
18955688
18971445
18974647
19013089
19015486
19020205
19031322
19064755
19081458
19139311
19150502
19150504
19163793
19182474
19198144
19202337
19225235
19228667
19228848
19260027
19276543
19285772
19297506
19323870
19323967
19324376
19330195
19339096
19351220
19414722
19442496
19472156
19494431
19568984
19569130
19571735
19609911
19629426
19641318
19651477
19680143
19702415
19736599
19759202
19766248
19800241
19874902
19875958
19899565
19899566
19909307
19922388
19938680
19938682
19938683
19938684
19967597
20003584
20026458
20034661
20061230
20083207
20087893
20133780
20146921
20158954
20173686
20177696
20182057
20183015
20190005
20196488
20212429
20308780
20335036
20360166
20393800
20404309
20408734
20440289
20452812
20496755
20539026
20542982
20548124
20558417
20562756
20660866
20673934
20674934
20683185
20683187
20697052
20713947
20849398
20879247
20934811
20938027
20947212
20960930
20965516
20971753
21042206
21084313
21090900
21096481
21121521
21147389
21149812
21153383
21188308
21237621
21239854
21252550
21258152
21277879
21295377
21298310
21315437
21320991
21396632
21397539
21412659
21430171
21479482
21502759
21530559
21555336
21592050
21625137
21640841
21641004
21646331
21675596
21677378
21696410
21729418
21762843
21764791
21778116
21783023
21822699
21823158
21842406
21857031
21881402
21891869
21905095
21911696
21939679
21946269
21971454
21978320
21986680
21987568
21991849
22005989
22008265
22009274
22037958
22045516
22048958
22051030
22054629
22060063
22067221
22143952
22155259
22189451
22244088
22286950
22300873
22329857
22344582
22345371
22361167
22366770
22367382
22368970
22383132
22406442
22414571
22422381
22445347
22482446
22484307
22503458
22516080
22519463
22552897
22579645
22608240
22614246
22642502
22647478
22670877
22673113
22674572
22699847
22710919
22722668
22728617
22731907
22743119
22766739
22850123
22868886
22889797
22892309
22903128
22928231
22932755
22933816
22947919
22986775
22989901
22992154
23033449
23117721
23149027
23157846
23165972
23199140
23208196
23229103
23237858
23306166
23390180
23403263
23406695
23455991
23475817
23489366
23507382
23527654
23542864
23572495
23575995
23579325
23586325
23587169
23591639
23611351
23672654
23686576
23729473
23782825
23784725
23794681
23796527
23813535
23855491
23860029
23867350
23876449
23887281
23924172
23945233
23954715
23957226
23962495
23986300
23992619
24005336
24039027
24042580
24047381
24056533
24059444
24068551
24077574
24094712
24113470
24122788
24123413
24145484
24217279
24234359
24256898
24289467
24300238
24329034
24343258
24378604
24385135
24404822
24413622
24445987
24470336
24503555
24503614
24514874
24531155
24531157
24534360
24550543
24569686
24570279
24577455
24577466
24592963
24606031
24650064
24676439
24685291
24698410
24731779
24733620
24745891
24760339
24762944
24763126
24779634
24780899
24824204
24831931
24893591
24910390
24927705
24928930
24978633
24996793
25002573
25004891
25024321
25024335
25069435
25129206
25140560
25171901
25182743
25261445
25287597
25298199
25317628
25320782
25322925
25323700
25358680
25362525
25373846
25377694
25391316
25449529
25482157
25511791
25520437
25531687
25536905
25539040
25572411
25573776
25574747
25574752
25582679
25618904
25629415
25646866
25654501
25655625
25661058
25687031
25817631
25835426
25869857
25981552
25988463
26028194
26063911
26092521
26200045
26251109
26275067
26284764
26299160
26324898
26344059
26354322
26362247
26401701
26402116
26473985
26484929
26519438
26540113
26560730
26563790
26585056
26590270
26599058
26617288
26620033
26631894
26635213
26645189
26646114
26646994
26653846
26679216
26683384
26726932
26738361
26757195
26810719
26811253
26827640
26827655
26859219
26859768
26890749
26890769
26892233
26901360
26920674
26939631
26939636
26972054
26978060
27003218
27021778
27029053
27072014
27072087
27104896
27104903
27157482
27157704
27194245
27224435
27314528
27334648
27356737
27423618
27430453
27432682
27435367
27439681
27454622
27460185
27463684
27489094
27497488
27502125
27567843
27567869
27570907
27624723
27628070
27636847
27654968
27677318
27687251
27714552
27743250
27789521
27792009
27802239
27802240
27848119
27915581
27916672
27928380
27933416
27981671
27983552
27997711
27997993
28038340
28072380
28087578
28103749
28235777
28244174
28259856
28268100
28304293
28304299
28315409
28320115
28333776
28424392
28425061
28427934
28452647
28458182
28480617
28501822
28523532
28534652
28559417
28570101
28576172
28601570
28621768
28630377
28671125
28705819
28711815
28731453
28738334
28739995
28750498
28785992
28787730
28803444
28838910
28846882
28855404
28869463
28872040
28947063
28951166
28984590
28985936
28988390
29054917
29086152
29103041
29105977
29107846
29113604
29122458
29134465
29143870
29166751
29169779
29172002
29175194
29182198
29186371
29197216
29206491
29226866
29256051
29265081
29284291
29289335
29309493
29353121
29355451
29358076
29391909
29413519
29453242
29472145
29476982
29480174
29508660
29534203
29569252
29569990
29584904
29668866
29704037
29728749
29730823
29746400
29751289
29923666
29935415
29960960
30029282
30035155
30040708
30049750
30103065
30107413
30182624
30183086
30194648
30240096
30255971
30291183
30320576
30326496
30362933
30369528
30475767
30503283
30506397
30521943
30610927
30630176
30638083
30646429
30689572
30690666
30698757
30707189
30707358
30711674
30714241
30714955
30716457
30743154
30760634
30765195
30796570
30834979
30851133
30878181
30905401
30906945
30925612
30925614
30930301
30951739
30958372
30987770
31008274
31075725
31088224
31177233
31177556
31182509
31205125
31280071
31284766
31286349
31287716
31356209
31391394
31392920
31393654
31419589
31428914
31481163
31521959
31562527
31585367
31617796
31668596
31710340
31753134
31784276
31838254
31864019
31902521
31918955
31954961
31980278
32062656
32129844
32180125
32201044
32325519
32333900
32482919
32507758
33207355
33486486
34996199
7594158
7787722
8624092
8693972
8708683
8713508
8752524
8757022
8811996
8841961
8866497
9029063
9109887
9111678
9125732
9152110
9169712
9172907
9177231
9217686
9339671
9400363
9408100
9485069
9524799
9545179
9577668
9656252
9667565
9667597
9680572
9693235
9711123
9711365
9829574
9856190
