10320379
10601743
10601743
10769309
10790322
10903207
10931772
10988030
11026450
11034858
11034863
11054915
11162272
11516443
11671913
11697945
11832233
12061757
12589885
12722972
12753963
12803967
12875920
14561442
14741309
15098721
15165354
15178381
15505971
15528119
15722210
15907312
16010908
16417683
16512999
17292628
17381255
17851092
17904384
18052787
18240326
18429245
18642473
18760263
18835075
18835284
18996100
19003497
19027075
19406903
20837067
21073958
21782157
22565203
23448868
23522878
23994216
24161281
8736565
9175134
9630492
9665648
