10493896
10644781
10668692
11222461
11294927
11969314
12244083
12438464
12499863
14504317
14534161
14647983
14980573
15193619
15260365
15324854
15325363
15331954
15358952
15364683
15488421
15528086
15588601
15809001
15872014
15946336
15998582
16006149
16084113
16133718
16165106
16339794
16499767
16686655
16822244
16872843
16922886
17012334
17097271
17101834
17176980
17295614
17295615
17326795
17370345
17412561
17553646
17933587
18021382
18042496
18177358
18195263
18226962
18261930
18401022
18467131
18503555
18609565
18678824
18691850
18727679
18765418
18790822
18824674
18996207
19073652
19285834
19286475
19289170
19300096
19464852
19683060
19703792
19736169
19752449
19780790
19817819
19817822
19922314
20038775
20132296
20149754
20163442
20223639
20350980
20398682
20412283
20464277
20495793
20518612
20850388
20881271
21051649
21060092
21119155
21204812
21377331
21441071
21470191
21480879
21616484
21689766
21835245
21839176
21852375
21885254
21885719
22211942
22304227
22510082
22669081
22925605
23150897
23449653
23597934
23754695
23827066
24117006
24423692
24438916
24445016
24475828
24532274
24582637
24593820
24659241
24736183
24903633
24973130
25060634
25461702
25500311
25545559
25622022
25708545
25809952
25884243
25955498
26000807
26054876
26249101
26360535
26363299
26526187
26585254
26708029
26745947
26749370
26865066
27061896
27429056
27596378
27735051
27897304
28156216
28188304
28188918
28376388
28427841
28621626
28728046
28888031
28899220
29268230
29302917
29538658
29654334
29782369
29859335
30237304
30740666
30817684
30855662
31144060
31250266
31549200
31645315
32062107
32310136
32311085
32421911
32515356
32522839
32599430
33230739
33243684
33262020
33283293
33385946
33389247
33955107
33973138
34031335
34076885
34298428
34313179
34593599
34651211
34671889
34716254
35128566
35674920
36762949
36807210
37054522
37581655
37890232
38087148
38250750
38436479
38554644
38820678
39154538
39854707
40015181
40623481
41016120
41075529
41081495
8773600
8931589
9305338
9365376
