11515754
15465974
16167185
16290890
16565998
16598192
17611740
17987060
19015835
19025463
19806158
20695685
21717780
22234380
23921439
24754423
24847853
24956915
25533729
25742873
25833968
26237321
26613332
27570893
28451921
29152692
31342097
32597838
10553492
10796494
10796505
10796558
10796584
10908462
11686953
12519537
12697627
14660070
15100605
15266423
15266433
15355757
15464121
15585037
15674895
15833231
15850502
16625620
17088500
17643131
17846151
18164583
18312035
18461548
18540916
18606956
18985597
19240054
19370579
19476573
19553457
19737441
19853720
19926661
20445032
20456294
20648909
21048702
21135315
21161758
21225413
21349378
21508625
21536968
21956438
21999689
22156472
22228252
22236117
22724642
22775773
22850734
22972041
23232444
23307469
23520600
23632569
23756286
23918376
23996457
24217504
24357646
24449585
24570145
24768717
24945709
25170798
25308385
25864599
25903153
25990312
26218035
26283736
26331843
26650254
26679723
26692110
26893127
27056455
27353309
27381253
27505198
28255940
28557246
28564556
28777450
28862335
28992386
29017196
29064064
29098669
29120924
29227227
29355909
29388475
29497164
29734883
29782180
29885086
30010350
30214041
30451013
30758045
30997928
31228128
31315130
31326358
31448946
31682676
31684681
31684691
32090510
32148192
32580914
32843703
8826538
