10717898
11013373
11467905
11511909
11972095
12440811
12495527
14595651
15459077
15658124
16122000
16180622
16201122
16776372
17062771
17151993
17520201
17566201
17580660
18281886
18323752
18345992
18726967
19171889
19564769
19735480
19995843
20141309
20652311
20726753
21464361
22262538
22369232
22396079
22617632
23074972
23943190
24615897
24661162
25046244
25455569
26168376
26886102
26989966
27447790
27455992
27819447
27997290
28045309
28177183
28269815
28324197
28644924
28825953
28866781
28901577
28975416
29631964
29752488
29934780
30095582
30169702
30169711
31076864
31525530
31888419
