10198130
10349294
10353369
10432178
10591898
10601740
10643727
10643729
10683845
10725372
10769312
10769314
10769315
10817581
10852226
10852235
10923671
10943726
11055257
11095535
11098794
11169874
11177419
11338050
11407441
11435947
11439722
11459886
11506643
11506648
11506651
11506652
11523277
11532605
11564318
11564325
11567063
11668653
11733723
11742236
11746723
11784444
11880658
11930153
11931287
11954061
11960021
11970781
11970783
11970810
12112769
12126504
12126506
12146684
12150424
12151507
12167257
12167261
12187466
12218703
12240737
12388609
12419128
12452585
12455680
12467100
12488794
12495525
12495527
12563376
12566291
12632466
12805308
12821793
12880834
12943324
12943328
12944506
12958206
12965041
13680443
1421133
14511531
14511532
14561934
14586167
14600490
14709231
14736856
14755597
14762131
14762135
15006042
15038006
15038009
15100698
15102907
15106844
15108303
15140927
15157701
15165351
15165352
15200705
15202106
15204056
15298780
15298782
15305123
15309395
15342430
15453978
15470151
15488424
15494184
15506872
15535173
15538174
15543553
15544421
15564579
15574744
15579215
15601519
15601523
15621378
15640752
15668720
15700721
15709808
15711850
15758155
15769206
15772354
15814009
15814441
15817644
15834861
15841675
15849894
15849896
15849897
15849900
15852388
15852470
15858420
15893942
15901409
15904548
15913008
15930376
15965999
15969909
16000632
16001441
16033888
16060826
16091536
16102231
16102232
16106488
16110274
16161161
16171288
16180620
16180624
16180627
16183659
16197682
16197690
16209427
16268374
16269113
16342150
16364058
16396094
16404736
16417680
16421302
16421311
16427324
16452666
16481440
16488627
16510720
16513004
16513006
16525049
16671081
16672649
16683265
16718653
16765326
16768362
16768364
16770797
16775140
16822972
16839292
16839301
16899039
16944483
16982202
16989546
16989552
17007235
17014375
17014871
17021168
17065458
17065463
17071109
17080437
17080442
17088048
17089374
17118409
17121746
17129190
17133392
17133397
17133402
17159818
17162995
17164821
17169343
17182773
17210145
17214564
17243354
17274018
17274020
17274022
17280517
17290371
17290373
17292627
17292926
17296315
17301186
17310866
17321151
17355910
17358019
17372276
17381255
17390315
17392459
17397882
17409238
17433891
17442821
17459348
17488202
17522324
17536965
17536966
17538951
17563353
17574442
17612510
17634374
17636131
17672384
17675368
17699624
17715350
17725995
17784808
17804479
17804811
17850833
17855604
17878731
17884586
17888684
17889835
17892385
17895916
17900976
17916334
1791928
17920934
17921456
17928444
17950623
17979124
17999985
18030926
18052782
18057197
18063349
18077465
18155254
1815891
18172852
18177676
18189000
18203694
18208887
18211230
18216206
18234518
18257001
18266217
18275331
18275335
18281300
18284346
18303973
18303978
18325582
18330870
18345980
18345985
18358455
18370596
18378552
18385328
18385330
18412112
18412113
18416674
18416677
18423837
18434199
18448644
18455373
18457505
18457512
18465748
18485743
18495298
18495886
18509047
18510442
18510448
18511955
18534868
18550595
18560059
18562599
18571794
18586110
18588988
18589507
18602375
18605868
18615011
18621692
18632934
18634891
18656545
1866529
18674592
18678469
18678764
18692173
18711708
18716203
18723676
18723901
18729079
18757744
18775784
18799294
18799681
18814461
18815263
18823245
18832559
18854581
18855545
18947356
18948965
18954965
18971297
18978666
18983833
19005068
19015088
19027079
19038899
19046396
19065145
19065146
19074013
19074015
19086020
19091969
19107748
19117278
19120444
19124032
19129391
19163753
19164587
19170662
19170936
19176830
19180558
19196494
19199402
19224975
19235877
19249748
19264140
19304893
19339493
19350561
19357393
19369539
19378878
19387979
19395526
19397858
19397862
19400679
19418510
19427089
19429861
19434601
19449330
19457398
19480991
19482231
19490513
19494138
19540922
19553435
19579091
19583473
19585350
19587274
19587291
19620107
19628700
19632335
19642048
19648173
19650139
19666577
19678593
19679762
19699019
19713300
19732840
19739909
19747163
19750921
19777556
19789183
19803688
19805050
19811779
19812330
19815079
19846721
19853247
19857008
19864586
19883772
19913622
19914044
19915091
19925871
19940177
19944766
19955378
19961940
19962859
19963356
19964851
20032247
20035016
20035885
20045067
20060961
20063302
20071459
20080981
20090673
20097332
20107051
20107076
20116416
20121315
20123030
20127868
20147457
20162605
20164352
20176860
20184806
20203176
20227857
20237284
20300040
20350182
20373347
20388694
20394829
20395556
20412836
20427665
20429858
20434133
20434565
20451631
20452445
20455867
20477775
20493622
20496060
20498341
20498351
20505085
20519541
20537351
20554160
20573895
20573898
20578173
20578174
20600962
20600998
20617889
20656038
20659822
20660273
20714061
20714062
20715084
20728547
20728552
20731964
20805537
20809855
20810892
20849856
20851194
20857849
20861380
20862456
20863843
20883800
20884523
20921115
20932915
20958334
20971474
20980588
20980597
21029780
21040240
21073548
21077136
21084610
21098213
21098806
21129936
21147996
21148612
21150912
21167644
21183618
21193174
21312288
2296583
7477346
8061298
8078943
8347806
8430100
8510752
8551361
8670634
8691239
8714706
8742429
8797239
8797896
8822570
8946428
9080445
9110329
9121583
9121584
9141052
9177249
9223090
9237433
9238495
9339453
9365369
9382475
9391022
9448244
9471116
9476949
9547077
9579669
9601664
9619196
9628425
9634568
9636217
9673660
9673671
9704265
9753190
9801381
9805320
9810479
9856538
10022492
10024961
10025703
10027489
10077795
10080561
10098445
10207485
10207651
10210906
10213164
10215474
10216270
10217614
10218906
10219794
10230524
10331104
10340316
10348289
10360128
10366198
10369230
10371078
10375444
10376114
10376121
10386530
10386651
10390168
10392824
10398947
10398962
10401985
10408647
10428587
10449119
10456764
10458942
10458945
10463646
10465150
10472432
10473358
10475108
10482394
10484104
10495195
10501054
10509375
10511333
10524436
10528937
10529371
10536086
10571190
10581379
10586335
10599766
10600414
10600415
10617267
10643714
10646758
10654655
10656394
10666562
10671402
10675787
10679186
10686112
10686115
10688716
10690839
10696916
10698045
10698362
10704256
10718556
10725959
10728192
10731771
10761350
10763734
10767090
10773558
10789271
10802365
10802381
10806026
10806028
10806029
10808139
10812362
10832019
10834847
10835119
10835124
10837937
10853744
10855761
10860787
10860792
10865105
10869746
10875905
10891642
10892695
10898302
10899358
10901930
10902627
10903406
10906375
10913323
10924970
10944409
10960609
10962260
10964875
10974464
10978687
10978701
10978709
11002312
11002353
11002354
11011024
11019789
11034857
11034863
11035346
11043105
11054528
11058793
11071615
11099159
11099714
11102639
11104625
11109855
11112400
11112403
11114477
11114494
11118825
11124320
11125751
11133304
11133306
11156196
11156204
11162266
11167061
11169880
11173161
11198532
11198706
11220735
11222074
11222790
11236838
11239713
11239902
11240107
11240261
11243980
11247643
11274888
11282457
11286842
11286853
11287133
11295854
11304076
11305889
11305902
11306374
11329206
11332460
11333370
11351294
11352614
11373136
11373141
11376462
11382961
11395252
11399375
11400918
11403780
11410304
11416826
11418298
11420008
11422722
11431225
11467901
11467916
11467923
11475437
11476387
11483931
11488573
11488898
11501735
11502357
11515879
11516875
11520143
11522263
11525336
11525339
11525340
11530838
11532726
11549498
11554884
11558800
11568549
11568606
11573796
11578728
11580771
11595368
11595391
11687701
11689307
11690592
11690620
11697932
11697946
11700026
11702561
11704073
11705489
11707086
11707089
11707097
11716044
11725861
11728837
11738547
11740487
11746940
11748317
11750889
11755819
11756016
11761477
11771974
11771985
11798267
11798278
11804691
11814745
11823267
11830312
11835371
11839364
11839367
11848695
11848709
11848715
11848716
11853990
11859197
11861128
11869426
11872279
11879362
11886054
11891835
11896643
11897248
11906222
11906228
11906233
11906238
11906506
11912090
11919006
11929020
11933997
11950516
11958882
11958908
11958963
11958972
11960807
11969318
11976012
11988343
12030819
12030821
12030830
12036507
12047693
12057859
12065105
12065107
12095559
12095574
12112176
12115353
12118541
12123852
12128138
12128141
12132089
12139955
12142063
12146659
12148854
12175833
12176182
12196244
12202080
12202095
12204303
12208544
12209961
12220382
12231461
12234594
12238616
12325075
12356446
12359308
12360456
12364845
12377135
12377143
12377154
12377172
12377179
12383406
12383907
12392814
12408309
12414261
12414272
12414293
12414298
12419441
12429401
12431763
12445974
12452537
12452913
12457755
12457756
12457759
12457760
12457762
12457763
12460253
12460257
12477598
12482070
12482094
12482101
12493600
12498743
12498753
12498755
12499108
12504033
12504209
12504288
12505107
12507442
12507693
12513941
12513942
12517623
12521071
12527009
12527098
12527099
12530616
12535005
12536085
12547465
12562581
12577293
12589881
12595179
12595195
12595201
12602548
12607657
12614990
12622510
12625772
12648793
12648794
12654432
12655577
12663093
12667840
12667855
12668223
12684960
12706227
12714174
12714230
12725758
12727182
12727696
12729869
12735939
12738340
12742674
12753959
12753963
12757897
12768493
12781430
12781730
12792328
12796734
12798721
12807408
12809980
12814379
12814380
12814572
12814861
12828859
12832254
12852552
12861151
12873691
12878256
12880804
12880808
12880828
12880831
12880836
12880892
12880912
12885454
12887991
12888030
12898319
12907550
12925933
12928105
12948707
12948713
12948715
12948723
12949791
12966477
12972310
12972386
1312459
13129655
1390403
1396783
1407978
1429103
1429105
14514445
14522231
14527574
14527579
14527594
14527595
14527617
14529793
14529795
14550679
14564266
14568448
14568470
14568473
14568484
14568498
14568500
14568502
14568507
14572519
14572523
14572526
14572528
14580617
14583423
14584558
14584560
14597304
14602358
14603060
14607321
14625033
14630256
14638592
14641506
14642461
14642464
14642465
14642477
14643071
14643096
14643956
14644143
14644482
14652104
14654860
14659494
14659496
14659499
14660038
14663442
14664479
14678611
14683704
14683724
14683727
14684393
14700259
14700729
14709990
1471870
14725794
1473034
14736573
14738419
14738944
14738953
14741637
14741645
14741652
14741656
14741659
14741671
14741672
14746838
14754778
14754781
14757334
14766295
1492654
14972367
14980558
14980565
1499309
14998701
14999056
15006651
15006652
15006667
15006672
15012644
1501770
15023390
15023577
15023583
15033182
15036431
15039063
15041511
15048631
15050571
15050782
15050867
15062860
15063613
15068915
15083441
15093144
15093902
15093927
15095561
15099600
15099603
15109998
15110011
15110735
15122718
15124990
15126732
15130587
15133815
15135158
15135477
15147320
15147492
15164782
15183386
15183389
15183391
15183394
15184035
15186828
15193581
15193584
15193606
15193611
15197809
15203175
15204341
15219581
15219587
15226085
15234056
15236402
15251914
15251915
15259648
15268921
15275742
15275905
15275914
15275928
15275933
15283738
15301834
15302055
15308164
15313521
15325198
15325353
15325411
15336517
15337656
15351569
15351627
15358979
15359002
15380228
15380601
15381021
15382253
15387862
15456443
15464351
15464388
15465977
15471372
15474896
15476690
15487740
15488247
15488398
15488400
15488401
15488402
15488417
15488909
15502603
15511653
15514410
15518931
15518940
15519659
15520071
15528064
15528065
15528081
15528085
15528091
15528101
15528113
15528114
15541070
15541071
15546593
15560714
15561504
15570232
15582037
15582114
15585395
15587662
15588608
15588609
15588614
15588870
15588871
15589102
15589103
15589109
15589113
15589559
15590173
15590183
15590193
15598546
15607094
15607294
15608543
15620227
15627576
15627580
15627588
15627591
15627595
15627596
15627602
15629603
15630363
1563435
15649088
15651051
15652307
15652316
15654860
15660647
15666327
15667413
15669671
15670229
15670685
15672931
15677609
15680204
15680811
15689742
15690621
15691521
15691523
15691571
15700505
15707612
15708242
15708296
15708297
15708643
15716164
15718048
15720173
15721593
15721998
15722127
15727616
15728437
15729733
15734344
15734345
15734361
15737657
15737811
15741464
15746224
15746230
15750930
15752693
15752892
15752906
15752909
15752969
15762360
15769497
15772951
15772953
15784436
15784437
15784438
15784439
15788269
15788281
15795138
15804721
15804920
15805001
15808978
15808989
15815583
15817341
15817360
15820625
15820629
15823984
15826258
15826967
15826972
15826978
15838577
15843789
15850725
15850734
15850740
15850902
15850904
15854764
15860401
15862217
15862220
15862227
15862228
15868717
1587392
15876503
15876522
15878501
15882784
15890571
15890605
15893940
15907303
15907308
15907318
15913867
15921932
15922623
15925033
15925092
15927455
15930054
15932793
15936575
15936576
15938707
15942956
15949236
15949499
15949507
15949513
15949653
15953488
15955475
15955482
15955496
15955506
15961045
15961982
15964208
15964209
15964211
15965425
15970434
15978017
15978840
15979109
15979345
15979817
15981721
15987275
15988623
15990981
15993762
15993771
15993856
15996878
15996898
16000253
16005998
16009242
16015442
16018914
16019093
16019232
16019236
16019380
16022981
16023040
16023234
16023374
16024258
16036465
16042034
16043895
16054343
16054371
16081302
16084069
16084116
16095568
16095920
1609867
16099178
16102895
16111573
16111898
16113622
16122946
16124082
16125870
16126415
16134735
16135630
16139733
16139997
16140278
16147579
16153836
16154363
16154448
16154713
16157491
16164937
16165103
16168473
16168829
16168840
16168843
16169136
16171641
16174176
16178033
16179172
16181792
16198509
16198934
16199012
16199829
16199831
16202396
16202566
16211531
16211615
16213083
16213162
16221598
16224919
16225562
16226041
16226396
16226773
16226895
16228812
16229823
16242251
16242348
16242922
16243250
16246587
16246592
16246734
16254883
16255007
16256377
16257515
16260156
16263155
16269172
16269396
16280353
16284969
16289928
16290108
16296442
16298236
16298243
16300970
16310456
16310510
16314143
16323251
16324793
16325341
16325347
1632744
16330597
16330601
16337439
16341578
16342284
16343769
16343805
16343951
16353365
16364498
16368214
16372482
16376444
16376861
16386952
16403183
16410035
16413795
16413797
16414280
16416436
16417974
16423207
16427688
16453317
16458263
16458267
16458442
16466933
16469419
16472939
16473022
16473495
16480694
16480742
16480897
16481807
16488259
16488553
16488710
16490365
16495939
16497462
16499982
16503328
16506272
16508621
16512999
16513507
16516233
16516499
16517171
16527259
16529627
16532952
16533501
16540347
16540348
16542513
16545554
16545581
16545881
16549368
16551451
16553630
16564588
16571373
16574079
16600628
16616048
16616725
16616832
16618577
16618584
16624580
16624583
16626888
16627160
16627173
16630920
16631080
16631086
16631130
16631334
16632333
16644236
16644239
16644276
16644445
16650775
16650836
16674611
16674764
16675134
16683506
16690444
16698125
16701123
16709401
16712583
16712804
16713363
16721735
16730131
16730195
16730459
16731723
16732830
16736484
16740583
16741206
16750818
16754352
16754598
16757978
16762567
16765533
16765832
16766210
16777342
16777435
16793320
16797190
16800842
16806311
16806976
16818061
16822246
16828565
16834705
16837058
16839701
16839702
16842821
16842976
16843445
1685226
16854205
16854440
16854945
16857390
16861005
16872066
16872091
16875781
16875845
16875846
16876130
16876272
16879844
16881266
16884927
16895961
16900757
16901722
16904601
16908200
16916700
16919528
16920211
16923324
16929014
16934773
16935513
16937152
16938439
16945345
16949303
16949839
16951408
16952445
16952446
16956772
16962783
16979268
16983683
16996488
16996687
16997094
16997580
17001022
17005420
17008041
17010573
17011453
17012685
17016213
17020482
17022954
17023697
17027134
17027761
17029749
17029808
17049971
17052898
17055297
17060134
17060407
17068012
17070073
17070685
17070786
17070875
17071240
17071339
17079042
17084065
17084546
17085018
17098356
17100789
17105480
17105986
17112773
17113213
17113951
17119543
17134914
17137794
17145403
17151173
17153406
17156699
17161182
17172552
17173869
17174573
17174807
17174876
17175065
17175176
17182580
17185198
17188464
17189066
17189070
17196712
17198987
17202544
17208284
17210313
17210462
17215532
17222717
17223188
1722339
17229539
17236244
17236961
17239618
17241097
17244179
17253974
17253997
17258892
17263004
17284349
17289290
17290435
17291724
17292590
17293230
17302626
17303390
17306437
17320049
17320835
17321066
17321071
17324530
17324590
17328946
17329473
17334204
17334205
17334209
17334210
17334214
17337165
17337340
1733962
17343940
17346989
17349939
17350054
17350289
17354149
17363277
17367826
17368377
17375973
17379262
17379359
17383580
17388190
17391904
17394952
17395435
17398033
17398361
17400326
17403529
17407505
17408973
17412509
17419833
17428266
17433608
17433880
17434043
17434070
17442518
17443493
17445248
17448450
17448452
17448605
17449375
17454685
17455878
17462413
17462914
17464690
17467169
17467392
17467956
17478280
17481919
17483532
17485167
17493835
17493836
17494829
17496739
17497130
17498571
17498883
17498973
17499158
17500448
17509671
17509899
17511854
17511967
17520437
17520616
17524668
17526022
17532012
17533093
17541799
17544015
17548547
17553704
17555989
17559542
17559877
17560794
17561190
17562346
17563906
17572109
17574215
17574445
17574821
17585887
17586305
17586780
17587600
17588725
17588776
17597168
17600520
17601497
17606661
17607152
17608298
17608555
17608908
17618089
17623263
17628222
17635480
17635590
17638304
17655831
17655834
17656073
17661837
17661924
17668943
17668956
17674276
17674983
17683918
17686466
17688633
17689571
17689985
17690056
17692981
17707201
17707268
17707283
17707869
17709301
17714373
17714375
17719110
17729011
17765933
17767511
17804259
1781494
17822681
17826307
17826793
17855057
17855376
17868055
17868279
17869450
17869667
17869676
17873103
17881141
17884517
17885578
17886002
17888605
17889447
17894613
17894934
17896791
1789694
17897687
17900820
1790371
17904303
17904784
17908169
17913282
17915253
17915262
17915264
17919869
17919916
17919927
17919934
17919936
17925319
17933000
17936601
17936643
17938576
17945337
17949689
17950420
17950764
17955491
17971791
17973781
17973920
17974940
17977025
17977738
17980353
17980830
17988896
17996602
18000804
18022606
18022652
18024046
18024158
18024161
18029199
18031826
18037455
18037520
18050246
18056159
18056238
18056239
18057117
18061294
18061310
18063564
18067174
18068960
18072487
18072511
18072515
18083602
18093623
18155074
18155446
18155915
18160225
18166822
18171363
18173425
18174826
18174827
18178107
18178228
18178288
18182204
18184933
18191335
18196801
18200623
18201907
18206241
18207269
18208900
18215449
18215740
18219225
18222069
18222708
18234415
18234515
18242208
18242723
18243447
18249027
18258378
18258379
18261931
18262086
18262122
18262623
18262797
18266874
18279011
18280843
18281155
18282558
18284428
18294618
18294683
18294868
18295523
18296071
18302644
18302723
18305285
18308380
18308812
18323864
18327832
18331812
18339478
18342423
18342967
18343687
18353286
18353329
18358558
18359576
18363509
18365828
18372048
1837317
18373810
18374228
18374513
18374902
18375064
18377983
18380760
18387586
18394814
18400397
18403120
18406434
18406913
18407430
18410442
18413706
18417365
18420427
18420428
18422547
18423426
18423780
18424156
18425832
18434203
18436392
18440729
18442810
18448267
18453023
18455372
18456166
18456379
18457890
18460045
18468959
18472240
18472358
18474433
18477120
18477182
18485592
18486490
18489958
18490068
18491512
18491965
18494829
18495495
18495546
18499238
18499266
18501584
18501895
18504119
18514339
18538498
18539249
1854678
18547769
18554874
18555548
18556120
18561954
18562102
18568559
18568899
18571453
18571627
18571798
18573510
18573827
18573836
18575459
18582581
18586275
18588876
18588986
18588989
18589404
18597795
18597797
18597977
18598773
18598841
18603301
18606232
18614210
18620069
18620789
18620875
18632120
18632217
18633772
18635705
18638181
18650169
18656372
18657595
18658073
18667229
18667293
18667399
18669604
18671900
18672074
18672276
18676089
18676187
18678442
18686056
18691235
18692209
18697557
18701154
18702717
18718326
18718456
18718640
18722271
18722517
18727673
18755558
18755578
18758379
18759150
18759938
18761094
18761138
18762391
18778779
18781582
18786781
18795493
18796186
18801648
1880531
18817882
18819025
18819162
18819184
18821346
18822455
18827725
18829871
18834671
18835758
18837902
18838100
18840533
18845225
18848743
18848999
1888800
18930380
18930695
18945494
18950717
18950882
18951984
18954717
18955019
18956406
18976348
18979378
18990511
19013723
19015036
19018949
19019564
19019893
19020205
19022337
19026407
19026946
19028285
19034772
19036532
19038505
19041869
19042093
19044213
19047468
19054502
19056305
19058953
19064064
19070231
19072998
19081580
19084350
19086197
19088741
19090413
19095369
19095373
19097718
19101097
19103294
19105218
19109984
19110062
19110142
19111624
19120445
19121401
19123483
19126263
19129751
19135154
19135767
19141146
19144446
19150520
19162202
19166942
19167010
19167505
19167508
19175815
19181253
19188005
19195730
19201364
19203812
19220544
19236528
19239982
19246171
19246211
19250174
19250662
19250767
19259728
19261423
19264189
19268555
19268862
19281419
19285546
1928598
19291984
1930424
19304859
19306363
19308999
19318596
19320638
19321315
19324113
19324237
19324275
19324279
19332205
19332513
19334796
19344919
19345270
19349231
19356836
19362153
19362250
19362251
19375510
19375930
19376157
19376243
19376723
19380082
19382299
19383055
1938575
19386424
19394179
19394712
19394780
19394959
19398018
19398301
19398308
19403118
19403218
19404998
19410471
19415541
19416574
19418476
19419776
19423072
19423307
19427551
19427562
19427564
19428614
19429003
19429078
19429124
19429929
19442494
19442745
19442751
19442752
19442867
19443076
19450695
19457383
19464630
19464816
19473780
19473781
19479905
19481317
19486137
19487152
19490045
19500275
19500606
19501172
19501476
19501523
19505444
19515512
19524048
19524093
1952667
19538333
19539768
19540069
19540214
19540923
19545855
19558540
19559574
19560890
19566517
19570637
19574778
19576957
19577866
19580877
19584889
19586773
19594508
19596123
19608356
19619662
19619956
19624392
19625339
19628276
19629770
19631255
19631624
19631757
19632337
19643184
19643461
19643585
19645517
19646536
19646537
19647799
19651111
19651151
19660559
19665324
19665452
19665856
19666074
19679112
19682051
19682163
19682583
19683258
19683403
19688982
19690093
19699020
19700743
19701842
19703572
19712703
19712819
19713601
19715709
19715764
19717064
19717197
19720290
19728194
19733347
19735259
19735884
19748726
19748810
19761849
19765205
19765554
19765847
19766336
19769994
19770045
19770047
19770054
19770056
19773038
19780031
19782094
19782417
19782695
19783378
19783409
19789392
19793676
19800455
19804445
19810487
19818906
19828323
19833214
19836163
19836165
19837173
19837416
19837566
19846281
19850450
19853290
19853661
19854615
19857864
19863259
19874854
19878725
19879154
19879262
19879613
19879700
19880207
19896144
19897676
19906516
19910137
19910143
19913379
19914605
19919662
19925856
19928065
19928110
19929215
19932154
19932789
19942313
19944446
19944994
19945044
19945172
19945190
19945535
19951293
19953224
19959009
19959019
19962789
19963000
19965922
19969136
19994497
19995846
19996582
20002904
20003075
20004250
20015797
20026086
20026317
20034578
20035830
20036116
20036266
20044069
20045399
2004967
20050296
20053536
20056343
20060111
20060129
20060480
20061274
20069587
20074912
20075000
20079443
20080191
20080395
20083592
20089952
20096947
20097935
20100583
20102786
20103299
20104058
20110699
20111977
20113320
20116934
20116979
20117145
20123028
20123468
20128672
20128780
20130502
20133071
20133250
20138255
20146125
20149050
20149759
20151255
20153952
20156657
20157170
20158356
20175674
20188181
20188516
20189356
20197270
20197397
20197467
20200102
20200103
20201927
20207347
20210247
20210254
20211264
20211475
20213798
20220594
20221947
20223847
20226773
20229860
20302912
20303998
20307512
20338015
20338016
20338245
20338249
20345959
20346979
20350798
20356915
20363236
20363277
20373442
20373449
20374203
20375138
20381462
20391183
20398774
20399274
20399838
20410728
20413893
20417713
20420884
20421146
20421171
20423237
20423699
20424025
20433370
20434470
20434779
20437554
20441234
20441798
20444537
20452115
20452636
20452732
20456929
20457349
20461768
20466500
20471184
20471768
20472346
20472350
20472367
20472369
20478641
20483568
20488675
20488690
20491654
20492571
20493673
20494655
20510542
20518880
20519060
20529117
20538439
20541652
20542494
20542548
20542670
20547425
20561955
20570004
20570807
20573463
20576448
20580022
20586534
20590457
20598006
20599489
20599810
20599837
20600183
20600968
20600992
20603449
20603854
20605426
20605747
20610039
20610171
20615473
20615626
20619279
20619982
20620213
20621162
20624840
20626458
20630898
20633415
20633664
20637877
20643512
20646840
20646867
20655211
20655882
20655956
20656419
20660574
20667490
20667621
20668428
20674554
20674692
20675075
20675077
20677377
20678490
20682209
20688104
20688479
20688537
20688812
20691275
20692648
20702071
20709381
20709602
20719521
20723540
20724113
20728124
20732385
20735208
20735276
20736075
20802352
20804475
20807625
20832181
20832185
20843611
20850136
20850507
20850555
20855118
20875635
20880670
20884067
20884128
20888104
20920489
20929295
20932912
20933098
20933343
20933374
20933530
20934275
20950795
20950938
20951451
20955801
20961662
20971575
21028957
21030160
21034922
21035917
21037021
21051105
21056087
21059348
21067898
21071153
21073962
21075218
21081171
21093773
21094572
21095072
21095229
21106615
21109008
21109410
21111830
21115744
21126590
21126990
21130531
21144713
21144734
21147230
21156660
21163584
21168122
21168512
21172363
21177325
21182968
21183158
21183292
21195187
21195194
21252551
21492781
21887888
2193641
22078296
2346926
2380904
7477814
7509765
7535979
7537597
7588866
7591904
7610146
7629253
7642420
7673017
7709421
7717616
7741622
7810493
7813413
7822728
7889697
7922837
7923044
7928498
7943514
7943611
7955426
7977887
7981807
8011674
8057761
8083145
8165504
8175410
8180245
8184113
8232848
8238641
8276658
8280364
8340793
8346766
8388948
8420528
8462576
8472665
8524452
8536480
8541254
8550751
8584469
8593911
8595478
8607061
8637437
8645628
8646212
8648535
8654459
8664023
8670636
8670637
8670685
8736565
8750329
8751292
8751410
8775111
8783220
8783647
8808235
8811992
8831435
8849503
8864300
8866435
8886783
8892449
8898346
8904746
8920222
8929177
8931584
8931588
8938509
8960062
8971856
8985031
8988793
9009991
9022212
9032860
9038281
9038284
9054894
9055518
9065319
9065901
9069321
9070990
9075296
9088016
9106270
9106283
9112468
9117937
9125395
9128958
9160341
9177767
9179809
9193168
9212721
9219961
9240976
9241655
9243458
9261341
9278624
9290714
9291023
9299382
9307471
9313640
9322207
9331204
9343594
9343598
9343606
9343611
9345478
9345536
9345543
9347130
9347483
9349763
9372504
9373798
9396944
9421650
9422577
9448576
9464207
9478894
9481487
9508114
9508116
9510128
9510387
9516662
9542894
9558642
9588918
9626670
9631364
9635711
9635712
9637209
9660209
9661972
9669104
9674793
9679781
9679785
9681891
9712014
9719107
9733289
9740361
9758739
9758741
9762962
9768946
9778192
9780898
9792936
9800424
9827776
9838166
9838207
9842864
9858274
9861465
9863686
9863701
9867585
9918736
9925345
9927550
9950711
9950716
9950718
9951815
