10022494
10025564
10025606
10030646
10075897
10093075
10094234
10096413
10096415
10096417
10097992
10100786
10102821
10190133
10191173
10194620
10195166
10197540
10199643
10211810
10212312
10218879
10218904
10229724
10231845
10320212
10322474
10329287
10329288
10332889
10334900
10348320
10349294
10353369
10354573
10355906
10363454
10363956
10368412
10371623
10380826
10380965
10382627
10384334
10398975
10400241
10407059
10408770
10409170
10416801
10417252
10417253
10424411
10426417
10432180
10440954
10441018
10448221
10454151
10458314
10467308
10468363
10471844
10471848
10473328
10482241
10482272
10493894
10493901
10493903
10495195
10498441
10501056
10501805
10506097
10510193
10511640
10523407
10524597
10524603
10547332
10547986
10552242
10554992
10556597
10572321
10586971
10597072
10601000
10601743
10611121
10616631
10641756
10642730
10648446
10649518
10660644
10668052
10674479
10679185
10683393
10683395
10694462
10694463
10698062
10700026
10700262
10710159
10716869
10720291
10724112
10725185
10734010
10746605
10750188
10753488
10753975
10762158
10762504
10769310
10769313
10769314
10769315
10771410
10771411
10771413
10771414
10781909
10784583
10787760
10788716
10789305
10792453
10793250
10806036
10808134
10828413
10836642
10838149
10848568
10852226
10852235
10857663
10860563
10860788
10860794
10864231
10864232
10867223
10869578
10869586
10877507
10883389
10884059
10891648
10900023
10903578
10912589
10913709
10934267
10934558
10943689
10943724
10943726
10949057
10957793
10962147
10964875
10966180
10971647
10980035
10980036
10993408
10994855
10997451
11002350
11002353
11016764
11021691
11027241
11027916
11034856
11049668
11050647
11053229
11055257
11061337
11074084
11077722
11087770
11105715
11108630
11112401
11113329
11114214
11117501
11125237
11133926
11134389
11135651
11141984
11145463
11150934
11163257
11163369
11165427
11167046
11170808
11170907
11177419
11179704
11180429
11189943
11192634
11194409
11194410
11195035
11209958
11216882
11232158
11238542
11240106
11244551
11247659
11253842
11257289
11264319
11273413
11276236
11276237
11296587
11296686
11309673
11313046
11322979
11333362
11333370
11338201
11339378
11352616
11352620
11356379
11373131
11373134
11373143
11376501
11377345
11386470
11388925
11394724
11407441
11422456
11439722
11467903
11467905
11467908
11467915
11467919
11467923
11479008
11500989
11500993
11500995
11504602
11506644
11506648
11506652
11506654
11506655
11506663
11506664
11506665
11507655
11513374
11516446
11521214
11525325
11525328
11530838
11532885
11533222
11535686
11543056
11549618
11551286
11554802
11556897
11564318
11564326
11568402
11578663
11584070
11587899
11590113
11595102
11595262
11604609
11606687
11640935
11640940
11640943
11680506
11682258
11689309
11697931
11697953
11703062
11709486
11711238
11713630
11721864
11723264
11733691
11737158
11739265
11744782
11746587
11747099
11748317
11750185
11750903
11761469
11771986
11781200
11784443
11784444
11784445
11790634
11798384
11825678
11845243
11848695
11848697
11848698
11853988
11870923
11875570
11896642
11900732
11906222
11906228
11906659
11921050
11929574
11931285
11931949
11944506
11955961
11955990
11969313
11969322
11969327
11969330
11970782
11970783
11970784
11970810
11972644
11973025
11973489
11978336
11996059
12005883
12012124
12034342
12047599
12062886
12088720
12099487
12102139
12112497
12112764
12112766
12112767
12112772
12122179
12124480
12126505
12138653
12139956
12150424
12151507
12163553
12165350
12165379
12165380
12165479
12169242
12169250
12169253
12169999
12181004
12187466
12188095
12191450
12197012
12203683
12205170
12205731
12208009
12217967
12221492
12244209
12361798
12377153
12379604
12395388
12395390
12395391
12402040
12404614
12414075
12414263
12414280
12417470
12417678
12419128
12421658
12421659
12427681
12427682
12428147
12433382
12438467
12445630
12454911
12455682
12456913
12457377
12460257
12467100
12467124
12468888
12480582
12482075
12482087
12482088
12486265
12488794
12488812
12495525
12498752
12498760
12501818
12507445
12509846
12518288
12518291
12520413
12541259
12559653
12562572
12575464
12582064
12587340
12588031
12588917
12592128
12592501
12593457
12594745
12595196
12599273
12599275
12599279
12599281
12606841
12620313
12625459
12625466
12627164
12631562
12632463
12632466
12634278
12637292
12644352
12644354
12657700
12664112
12667523
12668235
12668238
12668253
12675261
12676062
12676064
12677330
12679295
12679298
12685517
12691130
12703015
12704760
12706214
12706219
12722972
12727695
12727696
12729490
12729491
12735942
12752798
12753955
12754516
12757885
12762879
12763197
12781723
12781738
12781739
12784890
12787459
12803967
12806903
12808458
12808506
12811730
12811732
12819784
12821793
12822594
12824759
12832246
12842716
12846432
12868390
12876011
12880789
12880825
12880827
12880833
12880907
12886150
12890783
12899193
12914254
12925854
12937084
12939424
12946085
12948694
12948702
12948724
12948731
12953304
12953906
12958562
12965041
12970267
13130439
13680443
14510827
14512397
14514445
14514501
14516532
14516537
14520655
14521866
14527585
14550677
14561459
14561614
14568109
14568456
14568462
14568478
14568489
14568504
14571316
14585491
14585751
14586163
14597450
14600780
14607172
14625017
14627848
14633300
14642483
14644105
14645385
14652101
14652670
14663959
14668036
14668291
14670576
14670578
14677078
14679387
14680271
14683721
14684194
14686911
14689506
14689507
14698719
14700483
14704211
14704218
14725640
14728216
14728918
14730305
14733663
14738520
14739418
14741670
14741680
14741683
14745871
14747744
14749289
14752707
14754781
14755836
14758364
14759630
14972366
14980552
14980567
14994306
15000257
15006665
15006681
15013829
15019713
15034226
15038007
15038008
15043649
15050555
15050572
15050583
15050709
15050780
15053257
15053955
15054055
15054129
15056509
15058477
15068589
15068913
15068914
15068921
15076281
15083527
15095561
15108298
15108303
15109996
15110014
15110015
15120534
15122435
15123027
15127167
15127222
15130591
15135157
15149300
15156150
15163677
15164897
15165351
15165353
15165354
15169688
15172523
15178169
15182320
15183385
15183397
15192010
15193248
15193605
15193621
15195284
15196667
15196669
15197196
15202104
15202105
15202106
15209063
15219596
15219611
15228805
15235607
15236399
15238433
15245716
15248563
15249112
15251915
15259888
15265374
15268927
15271588
15275904
15275915
15279058
15294222
15295764
15297009
15298779
15298780
15298786
15305123
15325356
15325357
15329304
15335424
15337656
15340932
15342098
15368088
15370896
15371296
15377126
15382253
15389959
15390141
15390152
15390157
15390216
15449355
15449358
15449360
15453976
15459025
15459076
15464349
15473974
15484444
15486986
15487733
15487740
15488399
15488411
15488415
15488425
15488426
15488911
15489381
15490462
15494727
15496671
15499377
15502603
15503571
15505156
15505972
15525285
15527993
15528088
15528112
15533557
15537676
15545327
15545333
15560325
15564579
15570155
15578167
15581970
15582751
15585904
15588610
15590925
15593271
15598550
15599074
15601601
15601603
15607689
15608635
15615089
15620227
15623445
15629765
15630123
15633509
15638184
15640752
15647956
15651051
15652313
15652319
15652615
15660103
15660647
15669228
15670701
15677609
15678482
15681032
15689960
15690513
15699382
15700505
15700721
15701241
15707252
15707797
15707799
15708298
15709808
15711850
15719300
15722206
15722215
15723385
15734346
15734349
15734352
15739047
15746230
15746486
15748125
15753241
15758155
15769206
15776130
15784435
15784441
15787715
15788265
15788514
15788758
15803557
15808976
15808981
15808999
15812317
15814002
15814441
15815582
15817169
15817643
15819715
15820229
15820232
15820638
15820711
15821896
15826972
15832316
15833592
15837254
15837408
15846769
15846816
15852379
15852384
15857698
15862230
15880106
15885517
15885848
15887545
15889401
15893574
15899117
15901409
15901490
15904543
15907304
15912429
15912799
15927485
15929498
15930074
15935261
15936178
15939973
15948565
15953559
15956516
15958738
15978024
15978839
15978843
15985273
15997017
16001441
16002029
16009568
16019230
16020770
16035046
16036465
16038685
16045068
16047521
16049191
16060826
16080160
16081255
16082535
16084739
16084740
16084830
16087350
16087444
16087450
16098571
16102237
16106488
16107352
16109491
16112653
16118045
16120797
16135618
16140166
16140287
16142480
16147579
16150579
16154446
16154766
16160397
16163034
16165274
16167192
16170092
16173531
16178033
16180624
16180627
16183616
16194316
16195470
16197682
16197690
16198917
16199831
16209427
16219423
16222112
16224612
16225562
16243545
16253162
16257547
16262647
16263248
16263963
16268356
16275139
16280140
16284946
16286330
16298252
16302099
16302133
16310346
16313931
16331813
16340161
16341023
16342150
16350973
16356321
16356323
16356780
16373577
16380270
16387401
16403183
16404736
16404743
16406256
16412665
16413049
16414278
16417683
16417689
16418844
16420468
16427033
16427787
16434214
16447211
16456818
16460967
16463149
16467275
16472901
16485403
16488843
16490307
16495939
16497278
16497521
16498043
16500004
16500831
16506159
16507300
16512999
16513004
16513006
16513369
16513567
16530393
16531689
16531690
16534106
16541457
16542513
16547345
16547922
16551984
16563961
16567772
16581168
16583364
16597450
16603193
16604307
16610087
16612588
16616863
16621168
16624582
16624584
16639425
16640486
16651012
16675025
16676169
16677947
16678926
16686653
16687552
16697526
16707739
16716389
16720794
16733091
16738490
16750396
16754652
16757180
16757183
16766208
16768370
16768376
16770797
16775140
16781779
16788713
16798015
16805929
16806977
16814264
16814525
16814889
16814986
16815338
16822733
16823468
16831858
16832659
16839298
16845593
16847376
16850255
16859416
16861011
16861334
16865594
16881268
16896783
16896984
16901521
16904794
16908869
16919185
16934491
16950986
16952916
16953042
16953339
16961940
16966840
16971677
16972011
16979871
16997428
17000970
17003078
17011097
17011320
17024839
17030047
17056279
17064446
17069771
17071346
17073982
17080435
17088019
17088375
17093130
17100855
17101688
17101897
17109899
17113672
17119948
17123479
17123836
17132050
17133396
17133401
17134649
17151173
17153389
17157401
17157917
17161626
17164821
17171338
17172552
17178965
17182108
17182226
17185003
17188900
17196255
17209415
17215145
17239915
17243354
17245349
17249197
17258912
17264373
17265148
17266104
17267934
17272082
17274021
17274022
17274023
17275613
17276751
17282448
17283202
17287508
17288744
17306771
17318832
17318835
17321554
17334208
17336502
17337745
17350142
17350291
17350756
17353296
17360913
17368793
17368939
17369516
17376706
17381255
17385077
17400480
17406250
17415782
17418591
17418888
17428266
17428996
17431059
17440247
17440786
17442521
17462154
17470987
17478084
17481399
17482410
17482411
17483530
17486103
17487228
17490991
17497631
17498975
17499169
17499456
17507643
17508294
17509259
17512615
17517680
17518929
17520437
17521924
17533754
17534651
17536966
17538951
17540281
17540572
17543896
17544630
17546450
17547581
17547582
17549462
17551932
17558500
17564734
17565163
17574869
17574870
17576750
17582746
17582785
17583996
17586869
17590353
17591275
17598162
17602140
17604351
17608908
17618656
17631362
17638594
17651709
17652467
17662530
17670605
17670949
17672380
17674355
17681357
17684521
17688985
17690338
17694857
17698539
17699696
17705220
17707444
17713133
17715358
17717689
17719211
17726086
17729011
17768265
17784808
17851984
17868275
17884110
17884748
17886002
17892385
17892391
17894392
17897404
17904387
17904388
17905599
17910601
17919083
17919925
17921875
17924553
17928441
17936014
17936016
17942721
17943000
17946104
17946432
17946438
17957704
17958482
17958489
17962042
17964221
17965984
17974940
17979117
17979120
17996812
18002536
18002728
18002733
18004945
18026942
18051128
18052782
18052784
18052787
18055184
18055942
18057954
18058813
18060720
18060812
18061152
18061484
18063344
18068690
18068933
18070738
18072279
18072830
18076530
18077520
18086536
18094859
18160181
18171363
18172628
18175859
18178485
18180141
18180434
18181241
18190494
18191573
18194182
18196871
18201838
18201906
18203694
18206186
18206391
18210810
18211236
18219619
18234508
18234509
18235427
18241912
18245041
18245043
18249421
18253676
18254547
18256259
18257001
18269651
18275332
18275335
18279872
18279946
18284348
18284352
18304205
18314252
18314351
18322462
18327513
18329291
18330870
18330872
18334435
18337016
18337422
18338245
18344173
18345980
18345983
18345989
18346831
18346913
18353127
18353285
18356025
18356027
18370596
18374608
18378168
18378553
18387583
18387584
18392411
18395472
18400954
18402630
18412112
18412113
18412129
18416672
18416674
18434091
18434201
18435753
18438867
18439410
18439825
18445024
18451192
18452748
18455152
18457507
18465746
18465788
18479670
18483003
18489966
18501457
18504037
18506167
18506392
18511693
18511955
18534567
18538585
18538587
18541277
18545916
18550762
18551236
18555666
18557921
18570207
18578599
18584891
18597227
18599025
18599179
18611446
18633804
18633826
18634889
18634890
18635241
18635699
18636549
18648194
18651258
18661163
18663166
18672071
18672352
18686056
18690373
18690393
18691703
18692790
18694837
18698134
18711708
18713782
18718543
18723676
18729718
18752413
18758934
18759811
18759938
18775476
18785653
18789981
18793658
18805460
18815263
18822797
18823229
18829134
18835581
18837865
18838037
18848444
18848742
18850346
18853338
18930635
18938251
18949462
18950928
18956461
18957312
18976695
18979834
18990710
19003497
19008206
19015078
19021411
19027078
19028593
19047359
19051093
19058786
19071223
19073802
19074498
19074979
19075356
19084070
19084071
19086020
19086201
19095230
19095892
19100312
19100840
19100845
19101639
19105056
19107748
19109512
19109997
19110394
19118131
19120444
19132615
19133239
19135215
19138749
19139866
19144587
19146235
19146355
19150784
19152067
19163697
19163962
19163965
19166946
19174368
19176280
19185468
19188113
19189286
19199406
19224618
19224975
19231783
19232481
19233234
19237342
19243926
19244353
19245906
19259973
19261334
19263104
19263420
19264142
19267382
19273460
19285142
19288464
19293824
19299441
19304859
19306363
19317377
19322649
19324533
19330592
19335198
19344773
19346328
19349237
19349314
19350564
19357387
19362152
19375260
19376244
19378277
19378878
19382897
19383055
19383937
19386636
19387076
19387979
19389718
19393011
19395524
19397900
19402923
19406904
19409224
19410589
19413453
19414043
19414052
19415166
19418510
19421809
19425037
19427907
19428222
19428403
19433416
19435709
19446442
19449331
19450694
19452191
19460870
19467359
19472406
19479729
19480235
19481159
19490042
19492301
19497374
19499585
19507155
19507588
19518263
19520175
19521974
19525715
19530217
19530277
19536435
19543005
19545475
19552900
19560547
19566776
19567364
19571734
19572308
19573900
19576772
19591407
19605520
19615733
19618486
19619665
19621370
19623870
19631626
19632066
19640484
19640506
19642048
19645622
19645826
19657696
19673793
19678593
19679762
19692211
19694254
19698726
19698727
19699795
19707785
19709652
19709972
19710691
19713602
19727598
19732120
19732478
19733673
19740135
19744826
19747163
19748540
19765205
19777557
19781653
19789883
19805050
19812293
19816637
19817807
19817808
19825347
19833215
19833321
19834573
19837179
19846064
19847160
19850055
19850134
19854279
19863259
19878729
19879918
19880216
19890012
19900376
19900561
19904285
19906809
19912175
19913621
19922376
19927262
19934999
19943430
19944767
19946611
19947462
19948224
19958383
19959009
19963068
19963621
19963905
19964387
19964570
19964850
19964851
19969009
19995868
20004253
20004724
20014387
20017117
20020345
20023324
20027572
20034546
20041477
20049657
20051318
20051364
20052528
20053346
20053379
20053383
20056150
20056162
20058321
20060479
20063353
20066395
20080877
20083773
20090680
20095463
20096539
20097029
20097290
20100882
20105435
20113879
20117894
20121315
20124742
20130360
20143109
20143387
20153142
20170692
20177671
20177767
20178033
20184959
20188195
20188768
20190005
20198277
20215749
20219248
20221319
20221954
20227458
20227508
20233646
20235096
20303392
20304726
20336655
20336685
20338015
20345920
20346460
20363808
20374203
20377346
20381584
20385153
20399735
20400937
20401770
20402571
20403508
20406690
20408214
20408228
20408231
20408237
20408241
20408247
20411412
20413893
20416363
20417065
20417582
20420925
20423753
20426084
20426143
20427649
20456660
20456889
20471191
20494338
20503116
20510377
20521489
20525535
20547416
20561537
20576647
20578173
20579005
20580827
20589879
20592212
20599816
20600186
20602897
20603219
20608963
20610743
20610756
20620212
20627131
20629484
20637819
20644923
20645312
20648039
20654698
20659452
20665723
20669165
20674279
20681013
20686745
20690141
20691274
20696496
20699208
20702500
20708907
20709150
20711940
20716396
20719532
20723605
20725914
20728549
20729396
20729989
20731962
20732901
20735805
20739343
20800649
20813639
20814963
20833223
20850237
20850598
20857080
20859295
20859921
20861435
20862617
20869400
20870689
20882553
20884355
20888847
20920590
20936298
20938177
20957581
20957583
20959375
20962233
20974270
20976129
20980667
20981611
21036014
21040792
21051038
21053763
21063144
21073548
21074583
21078303
21081115
21083626
21090881
21096898
21097318
21098912
21105284
21111514
21119752
21126527
21129823
21134014
21134809
21135385
21144499
21147931
21148010
21150057
21151713
21154218
21154789
21158319
21159322
21159952
21162045
21163276
21175013
21181800
21182967
21188286
21195135
21195295
21204760
21213412
21213413
21215597
21224491
21227152
21229616
21232817
21232892
21248130
21252551
21255179
21259385
21265605
21268930
21273134
21278012
21289180
21295145
21314488
21317080
21318476
21331320
21332594
21334099
21334445
21338547
21338691
21358846
21362335
21365601
21366885
21368086
21368285
21375473
21376543
21389234
21391249
21391268
21397701
21399712
21411108
21420079
21421063
21427167
21430585
21439268
21440072
21441396
21447325
21447350
21450336
21451017
21471555
21472819
21477019
21477602
21480025
21491106
21497490
21520346
21526446
21527413
21527788
21530264
21536784
21543181
21543191
21545807
21549204
21554963
21555634
21557776
21561296
21574047
21585481
21592058
21600294
21601434
21618663
21618664
21620907
21620984
21620985
21624476
21632936
21633905
21636095
21641022
21642353
21643436
21643733
21649758
21656557
21673607
21676130
21676387
21683723
21683942
21689672
21692143
21692146
21692148
21694180
21705195
21705394
21708178
21709173
21714745
21722888
21723949
21726649
21756946
21761652
21761996
21763642
21777109
21778039
21778672
21780233
21782395
21795540
21799066
21799211
21801839
21812622
21812873
21820247
21833659
21835249
21838262
21840409
21840846
21854858
21859598
21861050
21862036
21862169
21865456
21871533
21878489
21880172
21883628
21889990
21889994
21892700
21896496
21897444
21898674
21905803
21906049
21914483
21915135
21928636
21932265
21932437
21932994
21937800
21948940
21953419
21955165
21957241
21958514
21958651
21959971
21965419
21971161
21971474
21985031
21987501
21989635
21989805
22001266
22003699
22003983
22005992
22006639
22010901
22011212
22014100
22016480
22021252
22023051
22027085
22027197
22029352
22036177
22037418
22037688
22038783
22039292
22047730
22049263
22052081
22052158
22055622
22061423
22062190
22068921
22079656
22079661
22080733
22081878
22085863
22091533
22094933
22095209
22101143
22102362
22103784
22104172
22114849
22123187
22132942
22133409
22133766
22138125
22150407
22154751
22155195
22161695
22162145
22165688
22166676
22178299
22178814
22185061
22187896
22188383
22191195
22203319
22206836
22208962
22209640
22209811
22210355
22212022
22212987
22217254
22226798
22227457
22227535
22231384
22233778
22237494
22238084
22245007
22254812
22255193
22255441
22256225
22270355
22275475
22277263
22279249
22285603
22290265
22302824
22305924
22306089
22317687
22326672
22328685
22330316
22332188
22332720
22337757
22341731
22348881
22349711
22359341
22360275
22361169
22361256
22365747
22371351
22371590
22380580
22381099
22383804
22386967
22386970
22387168
22390321
22397907
22398297
22410476
22416392
22419478
22420742
22425598
22430943
22433050
22433051
22433053
22438174
22440650
22451272
22451482
22456451
22461234
22465842
22475505
22484516
22486871
22488985
22498658
22504114
22504766
22505353
22507231
22513340
22515798
22519425
22521476
22521874
22524266
22524276
22527119
22529218
22531524
22542665
22542844
22559836
22560889
22569063
22569188
22569192
22569545
22573195
22580084
22581848
22582967
22583916
22584228
22592018
22596271
22608014
22608157
22610458
22613230
22621260
22622022
22631623
22632731
22633945
22634220
22634855
22641837
22642711
22644868
22645108
22652306
22658973
22659004
22673327
22674168
22678838
22678839
22682903
22682904
22683953
22687958
22698991
22703623
22711287
22711328
22717280
22721259
22722450
22736513
22750124
22755691
22759337
22763152
22767373
22781643
22784688
22796505
22798396
22798398
22802056
22805228
22806646
22806961
22807338
22809738
22809740
22820235
22820636
22820891
22823024
22831772
22831959
22835865
22841311
22841350
22846335
22847906
22849403
22854261
22869007
22871909
22875866
22885247
22892351
22893380
22898701
22899217
22901627
22902471
22906787
22915491
22925652
22928842
22929298
22939873
22941499
22941508
22948956
22955145
22956332
22960086
22960116
22961671
22963835
22963856
22975778
22978709
22980080
22981890
22982513
22986077
22986355
22986643
22987751
22992492
22993416
22993433
22993443
22995440
22999437
23001620
23021069
23022750
23025619
23029866
23030509
23031747
23036041
23037186
23041527
23044279
23044373
23052452
23058446
23059859
23060150
23078615
23079152
23085111
23097247
23103691
23110678
23111173
23117157
23121320
23123681
23124612
23124719
23127106
23131524
23137805
23137935
23138047
23142223
23142493
23146254
23149023
23149036
23152624
23153967
23158719
23162047
23166292
23177399
23183637
23186918
23192417
23194815
23199565
23200084
23201364
23206530
23207513
23212342
23227137
23230345
23231419
23233279
23241648
23242968
23249350
23262174
23263997
23265001
23277140
23281202
23283330
23286048
23286051
23286054
23288324
23288620
23297860
23303919
23312790
23317841
23319043
23327934
23329700
23333840
23357111
23357203
23364872
23366178
23366379
23366380
23367134
23380167
23382516
23385293
23387510
23392179
23394712
23399945
23404883
23410736
23412603
23412899
23418123
23422370
23433223
23435215
23448522
23454569
23458438
23474013
23477839
23479459
23480811
23482622
23486950
23492924
23507383
23511822
23511846
23512939
23514929
23514930
23520599
23523803
23530810
23544033
23544412
23545112
23548794
23551272
23557757
23563324
23563963
23564316
23568269
23568448
23571279
23573872
23579331
23584173
23584670
23586661
23591131
23603446
23611334
23611864
23613020
23618495
23631993
23644313
23645721
23648277
23651705
23664823
23664954
23668969
23670989
23681167
23682664
23684873
23684875
23695814
23698075
23701693
23705755
23708634
23719798
23727317
23727467
23732338
23738869
23739982
23743331
23746613
23747286
23751153
23756137
23760982
23764381
23764406
23765516
23768913
23773675
23778236
23778975
23782777
23792788
23792984
23799488
23800705
23801242
23803298
23804092
23820976
23823155
23828159
23831279
23831528
23832746
23835101
23835204
23845427
23849992
23859387
23859480
23860750
23867077
23869862
23870158
23872198
23873183
23876114
23876323
23876324
23881906
23884951
23885740
23887984
23891965
23897623
23899724
23906265
23909003
23911353
23911835
23912223
23913754
23914845
23916537
23920149
23930595
23933055
23933470
23933482
23934630
23949205
23960206
23962356
23962957
23964595
23964603
23965000
23965119
23968177
23968208
23968211
23973363
23973765
23978654
23984890
23988334
23993362
23998951
24001313
24018304
24025925
24027137
24028885
24029620
24029682
24033438
24047380
24051234
24055506
24056237
24064071
24064072
24064075
24065623
24068814
24070614
24071526
24071913
24076224
24078018
24080400
24089404
24090512
24090819
24099835
24103657
24107952
24108799
24110224
24110266
24110344
24110693
24111111
24111237
24111300
24119150
24122137
24123508
24129199
24135221
24142432
24144246
24144339
24148912
24155318
24155321
24161536
24168381
24171732
24174207
24183466
24183567
24184576
24192754
24211410
24211982
24212504
24222405
24222759
24236354
24240987
24243552
24256746
24259567
24259581
24262681
24262800
24267664
24268546
24269575
24269802
24269938
24275006
24290464
24296894
24297329
24302696
24307677
24313336
24316549
24319305
24321306
24322820
24331265
24345389
24345533
24345673
24351296
24357070
24357099
24357570
24359970
24365484
24365486
24370468
24370569
24373804
24373986
24384153
24389047
24389161
24390655
24396008
24403137
24407914
24414278
24417550
24420764
24434074
24440751
24446548
24457067
24468407
24471481
24482092
24485466
24487017
24491951
24493836
24507118
24509088
24512799
24513387
24524705
24526187
24530436
24532392
24532997
24534814
24549705
24553150
24557502
24562867
24570013
24575849
24581734
24582920
24583254
24583653
24607883
24612926
24613940
24617815
24619536
24619790
24621494
24629510
24639411
24647939
24648366
24659134
24661456
24662576
24675159
24675649
24677151
24677429
24679850
24681435
24683964
24683989
24695720
24704944
24705200
24710652
24721006
24725071
24725141
24726752
24729034
24729172
24736173
24736936
24742227
24744200
24745956
24753083
24760360
24760847
24760946
24760977
24773099
24773415
24794802
24794918
24796646
24801219
24810870
24811608
24814210
24821530
24828546
24828642
24830839
24834973
24837105
24845600
24856561
24862389
24862983
24867610
24874884
24875691
24882568
24890898
24893344
24895735
24903708
24904075
24907485
24911376
24912028
24929553
24929635
24946314
24948157
24954512
24955920
24958241
24963641
24968573
24969539
24971708
24973255
24986218
24990921
24996119
24996404
24999661
25001038
25012096
25014614
25017050
25035298
25037525
25037922
25038426
25038438
25040580
25040779
25044370
25045065
25052708
25064666
25065732
25067812
25073167
25080601
25087482
25092900
25106072
25107615
25119145
25119874
25123110
25127927
25129023
25130561
25138546
25139308
25146374
25151425
25156697
25158673
25164120
25164357
25164675
25165065
25172207
25173413
25174680
25178438
25180304
25181448
25182478
25182664
25194587
25196509
25204866
25205006
25205663
25222292
25223606
25225001
25241043
25243993
25244436
25246146
25247627
25249170
25249406
25251019
25252868
25257103
25261001
25267816
25269517
25270364
25274897
25284302
25285453
25289490
25290886
25292268
25292351
25296614
25312831
25315785
25327308
25327879
25336321
25344629
25352455
25355487
25359694
25366500
25378154
25382193
25413551
25413603
25416740
25428212
25439177
25443857
25444535
25445778
25445785
25445839
25446970
25449160
25449530
25450109
25450147
25455744
25461916
25463821
25464758
25464916
25464921
25467303
25472845
25480839
25481542
25485712
25485743
25485789
25497398
25498951
25500359
25504834
25504964
25506108
25506752
25514334
25515329
25515348
25519454
25530824
25536499
25541862
25555505
25557318
25570385
25570386
25570387
25571467
25575881
25577575
25583615
25586959
25592958
25592995
25592998
25595984
25598397
25599972
25601007
25609611
25613405
25614233
25619848
25620492
25622772
25623396
25623847
25641572
25644421
25649655
25650552
25655909
25656317
25658632
25658635
25659477
25662837
25664956
25670645
25682348
25683798
25687596
25696517
25703620
25707397
25708324
25708908
25721269
25724321
25731128
25731995
25731996
25743045
25748306
25750690
25757996
25766483
25769376
25769901
25771712
25794263
25796300
25832914
25835556
25901776
25961587
25961589
25961591
25966573
25997918
26024465
26059389
26139954
26157973
26157983
26165305
26238813
26262132
26271497
26378725
26410528
26484697
26516631
26550318
26684070
26736635
26770429
26989921
27156725
27157232
28519634
28519993
28525072
28539763
30713779
8978389
8987760
9014457
9015070
9016218
9024188
9070601
9076641
9080429
9080445
9080448
9086469
9096152
9103996
9106749
9109891
9121583
9126062
9126402
9129189
9141052
9153482
9153522
9153677
9175095
9175125
9177249
9182959
9183338
9189915
9192679
9212281
9223090
9223094
9237433
9238495
9249955
9259453
9262998
9295098
9339439
9339448
9343992
9344822
9349676
9351656
9368123
9373799
9389586
9391022
9397427
9408041
9413882
9417973
9425182
9427311
9430342
9448576
9462459
9465008
9491989
9494412
9507970
9508267
9510380
9510384
9510387
9512397
9529946
9535981
9538909
9559925
9561986
9566374
9571103
9576541
9576825
9582242
9593960
9596341
9597657
9601664
9602663
9620697
9626674
9634568
9651128
9651614
9655492
9655624
9665622
9673662
9673663
9673671
9674576
9681588
9686785
9696384
9698191
9699694
9701351
9704261
9710022
9711703
9711754
9712683
9721927
9735432
9736662
9736764
9744957
9749761
9754438
9757340
9760136
9774166
9777284
9788075
9798071
9799347
9799627
9800714
9805319
9810479
9811554
9814782
9823480
9843238
9849722
9851491
9863701
9870415
9875541
9880046
9882087
9882089
9882090
9883733
9888394
9918733
9927549
9929652
9932121
9950063
9950068
9950069
9950711
9950716
9952263
9989433
9989556
