25773639
31497638
31873787
31887311
23582296
23670951
25396740
27252632
26682697
27258418
21785117
30014499
24523434
30718430
25913063
28219620
26707083
30488224
31461580
26944874
26501846
25273996
18268196
26673947
19164761
23576128
24278277
25518957
29394332
25511791
25009480
25797589
29704671
26401935
23805313
26810632
26859768
28662418
23565102
27567867
30545239
15695781
15212830
17898350
17219132
15084791
16534207
20493673
26594631
25899416
28348957
26185182
19126572
26928581
14761903
15585344
31273672
29614645
15668960
21930136
23092697
19687454
28724588
22952324
25619850
18661129
27301638
14527604
28119587
23986673
27679483
28304289
27662284
29748771
40666348
41068257
40131525
40673371
29053860
41634195
41543764
27401520
22366793
21596458
41634195
41677578
37201288
38062485
41065198
15728305
26852326
31551779
26463677
21792308
31498507
29542053
41366786
36964594
29554554
15084791
29057638
24516415
26646114
30317048
29107846
21958648
19892022
24150110
31041612
20938177
20182057
40986290
31388560
30712283
11723259
17988893
26560730
29086152
21618662
31798526
19497964
29075567
30878181
40543321
31693851
25188321
26343341
32179883
28337409
41032666
41578347
31478721
28616383
27986990
29131982
31881858
40810361
35032179
26936938
25821176
22976075
22036676
28705819
26583316
11827872
28733335
25322925
29299378
24179781
40398513
26721391
26912642
19540253
26442751
19158440
22366795
37694825
28064175
41673623
41604947
41676499
36570531
26667277
25221525
25199154
39938002
41149828
24685626
24683513
24179835
24179826
41646781
28633865
33333361
27258418
18984957
29213767
41383521
32180125
39568670
41594199
29159053
16875340
17968544
25264347
41633365
37900607
31918955
41677639
25926068
21195775
26025914
26738361
31447625
38327846
18065436
21385617
29950844
34697009
26146826
23838694
28116236
22009019
31636026
41127961
21149812
16477583
35348856
37062017
26236629
25539040
37834094
34628194
26606247
23857888
41677639
17615169
22284815
23541799
22008265
10727696
40995692
21215762
15847116
38924786
16157748
23125121
31578297
17240166
31493687
30703627
24577455
24523434
30716457
23285078
27222795
41183134
22869921
26075893
30529631
17381257
19153155
21304142
23158228
29328983
30827922
15025054
21237621
17976961
24951639
31205123
26836150
41472887
22491196
25140560
22345371
26513651
21385617
40502594
31735167
26509115
22835330
26519438
16317254
31111329
31428914
23801975
26141491
28458182
34366351
24576796
31696638
24926307
21059987
20299441
41677246
33704477
38940350
18177439
28785992
28474365
19236162
29213586
23107380
30704514
31535269
40677151
30707358
39387948
39990273
26674655
27104896
39079070
28460069
31011326
28416618
24040338
22795494
19416953
32116647
10417247
21908872
30762136
22573634
21084313
30930736
18593276
41571385
40400344
40260680
23806681
32183776
40810361
21237621
25144223
25628962
30847466
26515192
39924821
26923025
20503113
16763044
19501175
26583316
41282725
31119452
20083207
41412141
26338813
19308367
16359874
27372646
24700485
41047640
11939938
27752510
29614640
28209520
16448722
27255821
28906375
32198310
41284585
41628396
31887311
31944489
16237363
31105553
28413716
30906945
19346314
30638083
19150504
25461707
28413716
25683866
19470967
17909155
41556545
26653846
14697007
30788410
38826096
41499339
26284764
30094168
21849646
26432341
40026013
17574708
27630558
24740987
20150729
32289706
15536300
28882319
28373956
31555409
15937303
40055834
31391394
24167442
37823470
15215218
28601570
26889604
17350290
24533506
38265470
31914227
26594631
21195775
24005336
32144991
38742046
19433738
16406154
21822699
22399793
28811257
25929717
40990841
40785170
20053378
26585059
41065198
21881831
41675432
28701492
18436612
19747928
30672142
17898350
31860018
36993574
31824254
29088311
23572495
31914230
26810632
28374078
26401773
41282675
41675224
41149828
33563798
11982486
30109402
41554669
20728544
41343108
26473985
24179759
31046591
25890642
29394332
26001387
25973788
17532012
41109234
25596865
31844711
38062485
18474436
41664541
31525130
41271684
41366786
27510944
41614679
41277710
36163388
34853179
30646429
20404309
10862805
27684890
29948344
38147792
20071459
41225656
22414571
41608854
10364643
16914245
41192580
27104906
26836150
12821731
39580607
22986775
41315482
41592266
25373846
21908872
17479980
35491275
41366786
30760643
23208308
41282725
37010841
41282725
23006986
34216263
40534487
41234527
32039841
30941090
31439620
31308118
19031322
41677946
26401709
26594624
21760989
23542864
41571385
27436017
27498041
40502594
26932257
27429218
29228211
18166607
21029744
20045477
41277710
22044532
21172844
27354513
30569187
27066561
21233181
26024845
23457466
41254983
41646781
15025046
32989107
35453034
27104138
19770055
31011951
22990433
23794681
38374256
23874403
31960098
23805313
18093623
23455991
27012504
34266598
26377252
31182509
21502595
19946779
22502999
23677732
31989779
23306064
31064266
39766833
41343108
27484312
40618089
10940679
41245435
19702415
32180125
19674446
22674572
40773016
10940680
18492729
38192155
41678253
26503957
27298765
34719771
30859283
40756022
22184615
20493673
26251109
35189395
29915557
11792404
