25273996
18268196
26673947
19164761
23576128
24278277
25518957
29394332
25511791
25009480
25797589
29704671
28662418
26401935
26810632
26501846
31461580
31497638
30488224
31873787
31887311
23582296
23670951
25396740
27252632
26682697
27258418
21785117
30014499
24523434
30718430
25913063
28219620
26707083
26859768
26944874
23565102
14761903
21930136
19687454
28724588
22952324
27301638
25619850
18661129
15668960
14527604
28119587
23986673
27679483
28304289
29748771
27662284
23092697
29614645
27567867
15585344
30545239
15695781
15212830
17898350
17219132
15084791
16534207
20493673
31273672
26594631
25899416
28348957
26185182
19126572
26928581
25773639
