30704514
31535269
31555409
15937303
40055834
31391394
24167442
37823470
28373956
15215218
26889604
17350290
24533506
38265470
31914227
26594631
28601570
15536300
21849646
32289706
26653846
14697007
30788410
38826096
41499339
26284764
41556545
30094168
26432341
40026013
17574708
27630558
24740987
20150729
21195775
24005336
32144991
40785170
33563798
41149828
41675224
41282675
26401773
28374078
26810632
31914230
23572495
29088311
31824254
36993574
31860018
17898350
30672142
19747928
18436612
19433738
16406154
21822699
22399793
28811257
25929717
38742046
40990841
20053378
26585059
41065198
21881831
41675432
28701492
28882319
17909155
19470967
25683866
30930736
18593276
41571385
40400344
40260680
23806681
21084313
32183776
21237621
25144223
25628962
30847466
26515192
39924821
40810361
30762136
31011326
21908872
30707358
39387948
39990273
26674655
27104896
39079070
40677151
28460069
28416618
24040338
22795494
19416953
32116647
10417247
26923025
22573634
20503113
27255821
32198310
41284585
41628396
31887311
31944489
16237363
28906375
31105553
30906945
19346314
30638083
19150504
25461707
28413716
28413716
16448722
16359874
28209520
26583316
41282725
31119452
20083207
41412141
26338813
19501175
19308367
27372646
24700485
41047640
11939938
27752510
29614640
11982486
30109402
41554669
27498041
32989107
35453034
27104138
19770055
31011951
22990433
15025046
23794681
23874403
31960098
23805313
18093623
23455991
27012504
38374256
41254983
22044532
23457466
26932257
27429218
29228211
18166607
21029744
20045477
40502594
41277710
21172844
27354513
30569187
27066561
21233181
26024845
34266598
26377252
31182509
41343108
29915557
35189395
26251109
20493673
22184615
40756022
30859283
34719771
27298765
26503957
41678253
38192155
18492729
10940680
40773016
22674572
19674446
19946779
22502999
23677732
31989779
23306064
31064266
21502595
39766833
27484312
40618089
10940679
41245435
19702415
32180125
41646781
27436017
41271684
41571385
27510944
41614679
41277710
36163388
34853179
30646429
41366786
20404309
27684890
29948344
38147792
20071459
41225656
22414571
10862805
31525130
25973788
41664541
41343108
26473985
24179759
31046591
25890642
29394332
20728544
26001387
17532012
41109234
25596865
31844711
38062485
18474436
41608854
10364643
16914245
25373846
23542864
21760989
26594624
26401709
41677946
19031322
31308118
31439620
30941090
32039841
41234527
40534487
34216263
23006986
41282725
37010841
41282725
27104906
26836150
12821731
39580607
22986775
41315482
41192580
41592266
21908872
17479980
35491275
41366786
30760643
23208308
16763044
11792404
41677246
23107380
26721391
40398513
24179781
29299378
25322925
28733335
11827872
26583316
28705819
22036676
22976075
25821176
26936938
35032179
25188321
31881858
29131982
27986990
28616383
31478721
41578347
41032666
28337409
26912642
19540253
26442751
41149828
29213767
18984957
27258418
33333361
28633865
41646781
24179826
24179835
24683513
24685626
39938002
19158440
25199154
25221525
26667277
36570531
41676499
41604947
41673623
28064175
37694825
22366795
32179883
26343341
26646114
31693851
36964594
29542053
31498507
21792308
37201288
26463677
31551779
26852326
15728305
41065198
38062485
41634195
41677578
41068257
40131525
40673371
29053860
40666348
41543764
41634195
22366793
27401520
21596458
29554554
41366786
29057638
30712283
40543321
30878181
29075567
19497964
31798526
21618662
29086152
26560730
17988893
11723259
31388560
24516415
40986290
20182057
20938177
15084791
31041612
24150110
19892022
21958648
29107846
30317048
41383521
40810361
39568670
24523434
26513651
22345371
25140560
22491196
41472887
26836150
31205123
24951639
17976961
21237621
15025054
30827922
29328983
23158228
21304142
19153155
17381257
30529631
26075893
22869921
41183134
27222795
23285078
21385617
40502594
31735167
24926307
29213586
19236162
28474365
28785992
18177439
38940350
33704477
32180125
20299441
21059987
31696638
26509115
24576796
34366351
28458182
26141491
23801975
31428914
31111329
16317254
26519438
22835330
30716457
24577455
41594199
30703627
31636026
22009019
28116236
23838694
26146826
34697009
29950844
21385617
18065436
38327846
31447625
26738361
26025914
21195775
25926068
41677639
31918955
37900607
41633365
25264347
17968544
16875340
29159053
41127961
21149812
16477583
22008265
31493687
17240166
31578297
23125121
16157748
38924786
15847116
21215762
40995692
10727696
23541799
35348856
22284815
17615169
41677639
23857888
26606247
34628194
37834094
25539040
26236629
37062017
25273996
18268196
26673947
19164761
23576128
24278277
25518957
29394332
25511791
25009480
25797589
29704671
28662418
26401935
23805313
26810632
26501846
31461580
31497638
30488224
31873787
31887311
23582296
23670951
25396740
27252632
26682697
27258418
21785117
30014499
24523434
30718430
25913063
28219620
26707083
26859768
26944874
23565102
14761903
21930136
19687454
28724588
22952324
27301638
25619850
18661129
15668960
14527604
28119587
23986673
27679483
28304289
29748771
27662284
23092697
29614645
27567867
15585344
30545239
15695781
15212830
17898350
17219132
15084791
16534207
20493673
31273672
26594631
25899416
28348957
26185182
19126572
26928581
25773639