10364643
10417247
10436345
10526199
10727696
10765042
10862805
10940679
10940680
11032615
11160463
11552010
11723259
11792404
11805245
11827872
11939938
11982486
12034784
12056929
12451466
12459517
12821731
14527604
14597319
14697007
14761903
15007124
15025046
15025054
15036621
15084791
15178942
15178946
15212830
15215218
15488423
15536300
15585344
15668960
15670681
15695781
15728305
15937303
16088140
16157747
16157748
16179666
16237363
16306153
16317254
16359874
16401855
16406154
16416468
16448722
16477583
16534206
16534207
16613895
16763044
16875340
16908994
16914245
16914925
16983677
17008334
17030660
17070455
17101834
17219132
17240166
17350290
17353226
17353379
17381257
17445286
17479980
17502554
17532012
17562936
17574708
17574750
17615169
17704526
17846768
17888461
17898350
17909155
17968544
17976961
17988893
17998442
17998444
18065436
18093623
18166607
18177439
18202106
18245784
18261828
18268196
18287270
18370601
18408365
18436612
18474436
18492729
18593276
18617738
18661129
18695590
18765649
18782907
18984957
19031322
19126572
19139305
19150504
19153155
19158440
19164761
19188577
19236162
19255408
19299900
19308367
19346314
19363702
19416953
19433738
19439421
19470967
19497964
19501175
19540253
19571735
19652138
19674446
19687454
19700954
19702415
19747928
19762452
19770055
19786700
19884571
19892022
19914744
19946779
20045477
20053378
20071459
20083207
20150729
20177120
20182057
20404309
20410145
20493673
20503113
20558417
20669302
20683185
20713947
20728544
20938177
21029744
21059987
21084313
21149812
21172843
21172844
21172863
21195775
21215762
21233181
21237621
21239854
21304142
21372059
21385617
21387376
21448435
21479482
21502595
21502610
21555336
21556732
21596458
21617528
21618662
21753165
21760989
21764791
21785117
21792308
21822699
21849646
21881831
21908872
21930136
21958648
21988828
22008265
22009019
22036676
22044532
22184615
22284815
22345371
22366791
22366795
22367382
22399793
22414571
22425723
22491196
22502999
22573634
22573637
22674572
22835330
22875087
22952324
22952843
22976075
22986775
22990433
23006986
23031250
23065791
23092697
23107380
23125121
23138765
23158228
23164495
23285078
23306064
23306166
23427102
23455991
23457466
23541799
23542864
23565102
23576128
23582296
23670951
23677732
23719145
23744303
23794681
23801975
23805313
23806681
23838694
23857888
23874403
23959214
23966929
23986673
24005336
24040338
24150110
24167442
24179759
24179781
24179826
24179835
24278277
24445580
24505314
24510641
24516415
24523434
24533506
24576796
24577455
24595028
24683513
24685626
24687814
24700485
24740987
24926307
24951639
25009480
25050433
25063233
25140560
25144223
25188321
25203512
25221525
25264347
25273996
25322925
25373846
25396740
25447066
25461707
25511791
25518957
25539040
25596865
25619850
25628962
25655625
25683866
25773639
25797589
25821176
25890642
25899416
25913063
25926068
25929717
25973788
26001387
26024845
26025914
26075893
26141491
26146826
26162615
26185182
26236629
26251109
26284764
26338813
26343341
26377252
26401709
26401773
26401935
26432341
26442751
26463677
26473985
26501846
26503957
26509115
26513651
26515192
26519438
26560730
26583316
26585059
26594624
26594631
26606247
26646114
26653846
26660857
26667277
26673947
26674655
26678225
26682693
26682697
26707083
26721391
26738361
26810632
26827640
26836150
26852326
26859768
26888621
26889604
26890749
26912642
26923025
26928581
26932257
26936938
26944874
26977398
27012504
27066561
27104138
27104896
27104906
27163810
27222795
27252632
27255821
27258418
27298765
27301638
27354513
27372646
27401520
27429218
27436017
27484312
27489543
27498041
27510944
27547726
27567867
27630558
27662284
27679483
27752510
27789521
27986990
28064175
28116236
28119587
28209520
28219620
28304289
28337409
28348957
28373956
28374078
28413716
28416618
28458182
28460069
28473626
28474365
28486594
28562080
28601570
28616383
28633865
28662418
28701492
28705819
28724588
28733335
28811257
28882319
28906375
28954876
29053832
29053860
29057638
29075567
29086152
29088311
29107846
29131982
29159053
29172163
29213586
29213767
29299378
29328983
29394332
29542053
29554554
29614640
29614645
29614652
29704671
29748771
29808100
29915557
29948344
29950844
30014499
30109402
30317048
30417069
30488224
30529631
30545239
30554355
30569187
30638083
30646429
30672142
30703627
30704514
30707358
30711674
30712283
30716457
30718430
30760643
30788410
30831384
30847466
30859283
30878181
30906945
30930736
30941090
31011326
31011951
31041612
31046591
31064266
31079279
31105553
31121534
31182509
31205123
31220614
31272932
31273672
31281241
31308118
31388560
31391394
31428914
31439620
31447625
31461580
31493687
31497638
31524019
31525130
31535269
31549279
31551779
31555409
31555411
31578297
31632342
31636026
31693851
31696638
31735167
31761062
31794504
31798526
31824254
31844711
31860018
31873787
31881858
31887311
31914227
31914230
31918955
31944489
31960098
31975553
31989779
32039841
32083157
32116647
32129844
32144991
32179883
32180125
32183776
32198310
32201044
32220237
32289706
39620843
