10219785
10374757
10536924
10604746
10723172
10933214
10940680
10965365
11032614
11103681
11248587
11502925
11552010
11588638
11598311
11790639
11805245
11829209
11844889
11851030
11998736
12053127
12080488
12451202
12599119
12733681
12821731
13130343
14509045
14705124
14716732
14739838
14746249
14761903
15072425
15084791
15178934
15178942
15178945
15178946
15536300
15570509
15634737
15668960
15728305
15786453
15844669
15852395
15908747
15980631
16006341
16009889
16186529
16210224
16237363
16340203
16534206
16534207
16639088
16908994
16914925
16938018
17007476
17072625
17117340
17195884
17202431
17219132
17381257
17455105
17479980
17566965
17852756
17909155
17917583
17928965
17968544
18044582
18166607
18176077
18177439
18245784
18284428
18323753
18617738
18661129
18756086
18797258
18802798
19126572
19153373
19163793
19170747
19202337
19228667
19276543
19308367
19330195
19363702
19412926
19416953
19499384
19568152
19595854
19938683
19938684
20146921
20212429
20352396
20360166
20539026
20669302
20962637
21188308
21252550
21461705
21592050
21677378
21697710
21785117
21891869
21987561
21988828
22368970
22425723
22515731
22928231
22986775
23012333
23065791
23158228
23164552
23216213
23229103
23357822
23406695
23427102
23427327
23455991
23542864
23719145
23744303
23813535
23838694
23839168
23857888
24240196
24404822
24417314
24503614
24523434
24531155
24533506
24555884
24569686
24762944
24952892
25030502
25138285
25182743
25261445
25320782
25322925
25323700
25391316
25511791
25520437
25533477
25544644
25596865
25618904
25757651
25772999
25926068
26341365
26385880
26401935
26401947
26402512
26473985
26484915
26540113
26573591
26575405
26653846
26682697
26738361
26836150
26852326
26859768
26923025
27157704
27163810
27258418
27372646
27380626
27463684
27489878
27662284
27684890
27802220
28059782
28240379
28304289
28424392
28562080
28632523
28697554
28738334
28872040
28932894
28984605
29076800
29099546
29265081
29423814
29451027
29512075
29534203
29578490
29614640
29614652
29651720
29736698
29748771
29903629
29948344
30029282
30109402
30167881
30182624
30282363
30482502
30545239
30554355
30617627
30909224
31041612
31105553
31127780
31498123
31525130
31617330
31640103
31683488
31873787
31958089
32002640
32055966
32116260
32144991
32314148
32325519
33486486
8693972
8708683
8752524
8841961
9111678
9152110
9485069
9829574
12876145
15488423
17099602
17611066
17704526
18445747
24287385
25518957
25998116
31761062
32407907
