23565102
41604947
26141491
37834094
41675224
27986990
22414571
41277710
37823470
26024845
41499339
32179883
24576796
21084313
41676499
40400344
20150729
22986775
23208308
19308367
23006986
26583316
28460069
24577455
24179759
40677151
27662284
10940679
23838694
17909155
41225656
40773016
41245435
24005336
26401709
25144223
30941090
24951639
24516415
28374078
18492729
31011951
20182057
23125121
20083207
37201288
40673371
27684890
19687454
10940680
26401935
24740987
41675432
11792404
15084791
34628194
31205123
27401520
34366351
31391394
22990433
26185182
15025054
40534487
41628396
31388560
18661129
41068257
22284815
22491196
15025046
23455991
32180125
30014499
38192155
27567867
30707358
30847466
21304142
31989779
21618662
41472887
19416953
16406154
39924821
40986290
41183134
34266598
31551779
14761903
25199154
37900607
22795494
27372646
25511791
17615169
25773639
19153155
28882319
26912642
18436612
35348856
19946779
26852326
41677578
40756022
23677732
30646429
31555409
31873787
41343108
27436017
30704514
26810632
31498507
26251109
29213767
29614640
31447625
23986673
17988893
37062017
20503113
26075893
31182509
31944489
40026013
26585059
28413716
38826096
32198310
21908872
29075567
31273672
29088311
31693851
19126572
24700485
24533506
21792308
31960098
21822699
23801975
30760643
24523434
39387948
31478721
18268196
25188321
17219132
26606247
28601570
27354513
22184615
21881831
26001387
41192580
29950844
16237363
21785117
22976075
26674655
26473985
27630558
36163388
23158228
41282675
41556545
33563798
30762136
21760989
26025914
17479980
41127961
30716457
22835330
29053860
29748771
32183776
24179826
19497964
19164761
28458182
16477583
31041612
41571385
16534207
41271684
28705819
26284764
21172844
29228211
27066561
32989107
28416618
12821731
28733335
41234527
26503957
19346314
20938177
41646781
19236162
25273996
22345371
40995692
26667277
22952324
26721391
31011326
26859768
28785992
24926307
26515192
26646114
24278277
22366793
40785170
21059987
15668960
40260680
22008265
27484312
31428914
16763044
29542053
24683513
41047640
17968544
41109234
23576128
25899416
38265470
28119587
31881858
30488224
25683866
23670951
28064175
36993574
15847116
27104896
20404309
18166607
41282725
41284585
40618089
40131525
29614645
15728305
41254983
41614679
19031322
24179781
22009019
26442751
18065436
31824254
26463677
30712283
24150110
31798526
26519438
26928581
40055834
27679483
22573634
41032666
31046591
38327846
30930736
34853179
40666348
25322925
22366795
26513651
41608854
26682697
33333361
25821176
38940350
29299378
23874403
37010841
29394332
26923025
41065198
36964594
30878181
41543764
37694825
15215218
23285078
21849646
34216263
23794681
31914227
20071459
23572495
25518957
24179835
31844711
26560730
41315482
23857888
39079070
27510944
41677639
30859283
24685626
23457466
25221525
10364643
25373846
28906375
17976961
28304289
31696638
35453034
30718430
19674446
41634195
41383521
25628962
18177439
27252632
26338813
25396740
28724588
30672142
41149828
16317254
31860018
24040338
23805313
21502595
19702415
10727696
32116647
31111329
18593276
30638083
29086152
35032179
31735167
26738361
19433738
41678253
30545239
39990273
16157748
41677946
22399793
15695781
29213586
30906945
31064266
26401773
28474365
41594199
26501846
16875340
38374256
11827872
39568670
25009480
31918955
31497638
32144991
11723259
25539040
39766833
41664541
26932257
35189395
15536300
41366786
30788410
26944874
41677246
24167442
28633865
38062485
28701492
31535269
26653846
17350290
22869921
34719771
39938002
11982486
30109402
29057638
31439620
27752510
20299441
40990841
21233181
25140560
31119452
40810361
36570531
31105553
29107846
18984957
31461580
39580607
25926068
21237621
41554669
30569187
26146826
31525130
29915557
23542864
29948344
32039841
41673623
15937303
41578347
33704477
26377252
17898350
19158440
27104906
11939938
17381257
41592266
40502594
22674572
31578297
25596865
26936938
27258418
21149812
19150504
38924786
38742046
26836150
41412141
19470967
27429218
