31039256
32129844
26141491
28330541
30925612
24685291
21274688
17611066
23924172
23611351
31761062
19585954
14626112
30906945
27915998
31794504
26130216
27502125
31428914
28811257
17945154
28803444
21987561
30569187
29053860
31220614
31794502
17928965
25063233
26599058
15011331
26682693
27381147
28701492
20971753
25363208
21881831
30704514
25386038
32179883
30565360
24081643
27789521
26928581
26888621
28235777
26501846
27567867
30040708
24090793
24234359
30707189
26890749
25835426
29534203
31795052
30698757
31064266
28348957
26329689
26519438
30981204
27436017
29355451
25655625
21387376
21849646
31121534
29808100
19938683
26463677
31575976
27439681
25556536
23107380
22722668
32410545
29704671
22425723
23232508
19938684
22573637
29440230
30488224
29053832
30743135
30014499
27222795
25323700
32289706
31989779
26901360
25618904
29542053
21252550
31928846
29348485
28733335
22284815
23164495
26583316
25447066
27104906
27429218
25981552
27707194
29876274
30921613
31795051
28486594
32444551
24740987
30793432
29554554
26304661
28304293
16514368
32277059
29614645
26102999
22502999
30103065
21121521
26859768
29186630
24595028
26338813
31046591
15693647
27314528
30317048
28458182
25047907
28130473
27567869
31321407
31524019
25821176
25322925
30181137
19884571
22366793
30182624
33108404
29704893
31079279
28337409
27454622
26503957
24589435
28975068
25921226
31493687
26162615
25539040
26678225
26810632
28662418
25050433
28632523
22952324
28616383
17852756
22060063
22037958
22366795
25757651
28304289
26377252
25203512
29876259
31205123
21556732
27163810
26653846
20142613
21239854
17478101
23138765
30094168
16914925
31419589
32180125
32116260
27581216
29923666
25929717
25054218
31075725
32798912
30617627
22051030
32444540
22952843
29584904
27498041
26146826
30046142
28882319
31461580
26673947
26515192
26185182
20150729
26660857
28571652
23125121
29131982
29265081
28116236
21520350
24150110
21958648
26646114
19416953
26297556
27662284
28954876
28240379
29423814
16021963
30109402
31003069
31887311
30554355
26682697
23311888
31041612
24329034
22367382
31535269
27995069
26385880
29748771
28724588
26251109
28697554
30909224
26594631
20410145
20404309
28038340
26001387
20728544
23744303
29656245
22399793
23391955
25797589
26432341
19762452
30021613
25899416
29614640
24650064
30668155
29960960
32083577
28838910
25973788
24576796
23406695
29099546
24569686
22344582
25144223
31914230
30167881
21304142
26040468
31873787
27012504
23582296
32353756
30654615
24685626
26513651
30783611
30545239
30638083
31958089
23874403
23542864
24510641
32285980
26707083
30282363
26606247
29614652
28374078
25273996
27301638
30703627
28219620
30718430
12716263
25511791
20542982
23306064
26757195
27639684
29751289
30884367
23012333
26075893
23031250
30760634
26923025
31683488
30320576
31222357
18262206
17296841
23065791
20003584
32371446
31841681
23670951
25520437
25682087
29086152
27771044
28434708
29508660
25683866
22986775
29569990
26362247
29328983
29668866
24951639
29143870
26473985
23092697
28906375
20938780
22036676
16873919
32280089
21697710
31286349
26442751
19225235
24550543
21785117
28064175
25261445
20562461
21502595
29107846
28373956
27679483
27071080
27258418
19260027
27389802
19652138
19020205
30859283
29394332
26827640
28452647
27372646
29387532
23806681
28474365
26275067
27510944
22345371
10933214
19153155
29284291
23158228
28059782
27380626
21430171
29159053
10965365
24505314
26402512
25533477
26594624
27255821
19641318
30529631
26509115
26859219
20177696
30714955
28559417
25396740
30029282
21908872
23959214
23427102
22835330
26236629
29451027
11305868
29984170
23719145
32358091
21029744
30930736
20440289
18661129
26401935
22084280
25138285
29202529
24587083
24523434
11320160
25596865
15841415
24378604
22519463
29172002
25063318
26025914
26679216
30847369
15739047
23857888
27534380
21172843
25248367
16193841
11598311
12223382
23306166
10727696
19568152
27570907
12480092
26573591
24005336
30404533
22573634
25518957
31870644
19472156
22366770
22009019
22713404
26674655
10865093
31915061
22244088
17086416
17101834
24628901
23794681
25923870
25182743
20452812
19433738
25890642
22491866
28268100
32075473
18784377
11074087
21605064
21237621
25433797
17439980
22515731
31747967
23805313
29779573
12833310
31881112
26200045
16987245
17203597
28660843
16317254
24413622
19568984
22928231
15178939
19786700
17356339
16771179
12143928
23128926
15122701
14609583
31959711
10831030
17661991
22134797
10520947
21618283
17129187
12850516
16324238
19899565
15279205
20683185
10795100
24300238
23576128
26585059
15844669
29453244
27223596
12169338
30836325
31696638
31336358
24603498
28483398
26889604
19266701
11320162
21930136
12080867
24763126
31993653
19800241
19188577
24445580
18984957
17562930
30765195
23300102
18268196
31881858
11090722
9217686
29075567
10223261
27567843
15851728
20071459
17544447
19139311
20962637
30107413
31623919
17374952
21971454
30672142
11193177
23457466
16210224
15007124
19308367
22875087
16534207
26852326
11805245
28984605
30988363
25024335
31119452
30906406
27356737
31177233
32143137
19299900
25773639
21172863
30958372
27752938
18207114
22947919
18605367
27625986
27497488
17479980
25264347
16510269
25188321
19363702
25879588
16448722
19126572
33207355
21153383
28986472
32220237
11160463
25002573
26617288
19892022
25628962
23285078
22143952
17923638
19340761
27298765
17998444
17545743
17239043
29172163
24824204
33486486
25913063
23587169
17532012
11792404
28750498
30711674
32002640
18771956
23149027
24533506
27802229
26671122
31753134
16237363
20713947
17907600
18843853
30009130
21448435
32447010
26484915
26324540
31492562
29746400
29480174
24731779
12244085
24417314
26645189
24040338
22889797
31670152
22674572
16534206
25287597
20697052
17998442
32213295
25024321
15178942
22155259
27194245
30716457
19228667
26295349
30010122
26683384
10723172
27435367
16088140
32183776
19297506
28951166
20177120
27104896
21298310
29213767
26575405
31811345
20503113
21988828
24966676
32178877
26972054
21646331
24893591
28855404
17962045
25333997
21121522
28947063
21624986
17917583
31593713
23216213
20938027
16773268
24936422
22992154
25171901
25786305
20308780
19938680
28244174
24167442
29289335
31308118
31521959
25628325
30714241
26022249
24247884
26401947
29182198
21870028
24571830
22366791
22169065
22976075
32385166
26652610
21762843
25298199
23719146
24154776
23954715
21991849
25536905
28872040
26037873
10604746
31205125
26553822
23314407
24437433
26912642
29226866
30450854
20434638
31491836
18695590
24289467
23876449
26631894
29105977
22484307
30475767
30596906
26726932
29528856
20360166
28413716
22647478
30773680
27313272
24515704
23417638
25926068
29889066
26807731
31960098
28787730
24700485
29614157
23403263
20562756
30291183
20539026
21823158
24910390
24059444
31188348
27357349
27838004
31280071
22409737
27654968
25739362
29661923
30060017
32209649
29845007
23199140
31692118
28473626
24887471
26401709
18370601
27802240
30689572
30362933
23920254
19937047
21188308
23033449
31636026
30218900
30831384
28738334
31498123
24687814
18284428
31127780
25531687
26354322
29695300
22406442
32507758
21215762
20673934
29309493
31814503
31284766
20110617
27484312
32361059
27224435
25655624
24928930
25306414
20212429
19766248
20377822
16401855
19571735
27915581
22670877
28988390
31944489
32407907
26977398
24113470
27802239
22368970
23672654
29950844
26482719
24996793
25923875
23579325
17965995
24831931
9485069
29793546
21641004
17030660
25203513
23813535
20335036
27677318
29429985
26159584
32310161
23992619
19470967
30712283
24592963
28460069
19736599
24077574
18245784
30369528
24762944
23586325
31439620
26485159
21412659
22807188
16893555
29389672
25199063
24733620
21149812
28601570
20083207
19609911
21625137
29848387
20558417
30508042
31272932
22445347
26159591
19922388
29903629
23870839
24122788
29088311
27986990
21295377
8693972
21677378
19497964
28749476
32444620
18065436
32116647
24606031
32144991
25320782
20061230
20053378
27684890
24861139
32741826
26341365
21640841
15252752
21258152
22284422
21502759
22892309
28923025
23229103
9524799
22933816
16041289
22990433
22009274
15668960
14509045
30905401
17099602
25226550
15505973
10380153
31835286
28624681
31860018
23455991
21792308
25646866
21986680
21905095
27981671
30847466
29358076
30951739
10632099
24268323
25637227
22300873
24042580
31028167
19139305
29915557
28811259
23887281
26401773
31011326
28748674
28529873
32083520
30496320
31578297
12390977
31585367
33395985
26343341
12823502
30278372
21753165
11149700
11829209
31562527
23164552
24514874
31501889
32438414
21764791
19680143
17101833
23784725
19414722
28480617
21172844
28072380
8752524
26748236
18445747
31123142
30194648
26892233
27916672
26063911
29169779
31617330
21891869
16157747
32810171
26441584
21233181
26540113
32155237
27723823
18323753
21618662
24179781
16359874
19702415
24179835
31787103
31555411
31632342
10678516
16938018
28711815
11834198
19030774
24503614
26836150
21783023
20146921
22766739
31092880
32417727
24083072
30506397
32925054
19365594
25114083
31077248
28337476
11723259
12910839
27662315
31954961
31798526
24056533
19946779
16613895
19747928
24039027
9667597
29467647
20183548
10219785
16983677
17909155
24470336
17558256
28985936
17846768
11606679
26024845
23677732
27848119
30417069
20190005
25998116
12735939
21908871
28731453
32062656
29054917
12717671
16319024
19604332
26734663
25009480
17088691
12684997
24555884
28843341
15314128
22044532
29305750
33613262
29472145
14560061
19540253
28501822
33329355
33395982
15585344
18617738
15025054
27296779
30120417
30630176
31316736
8624092
19687454
18234697
27432682
19164761
23565102
10457954
18593276
27463684
30857558
17008334
24096125
17562936
11939938
11132942
11103681
27190928
12821731
27072014
29996600
14697007
27761397
29876270
27029053
19339096
21372059
24534360
12451466
16908994
9856190
15852395
31264169
23569453
31481163
16443494
21617528
19700954
13677801
18166613
17615169
32099645
29076800
22608240
8811996
32370954
18854867
21778116
16914245
19182474
15670681
16009889
16043457
9711123
16179666
18765649
28087578
24094712
16363641
19595854
19938682
24123413
10940680
17117340
20182057
17445286
24780899
22932755
30907729
31914227
20400120
10226314
11998736
30060021
15178944
28523532
10227653
29606954
33408686
21555336
27714552
17566965
20881489
21396632
26646994
31391394
11790639
17007476
20045477
12553341
19908082
31177556
29175194
23489366
17012339
17353379
27357347
27933416
12749325
7623939
29910155
14746249
16401256
18445746
18631997
11563438
25391316
11288857
11917495
12876145
11502925
12080488
18066559
12459517
24179826
18405084
23855491
23966929
30340200
11712852
12833367
29578490
32444550
10436345
27104138
28289200
28671127
17455105
17389003
19720072
17030535
18177439
10765042
21042206
22174516
12733681
12451202
15940384
12768524
11071507
27802220
28067298
18797258
25030502
19153373
18166607
16705474
15025046
24068551
22614246
25004891
30760643
17070455
11588638
19674446
19378725
14761903
30480080
22286950
19351220
30326496
23945233
17240166
8757022
30240096
23782825
22361167
31002412
10862805
19031322
15488423
18437637
9152110
22405732
17898350
19875958
9111678
30762136
28012952
30688199
11514641
26738361
17704526
27252632
22743119
29186371
8841961
29932266
16306153
27378905
21397539
18408365
16875340
30049750
17030755
17522784
24927705
27687251
11117541
17574750
18609334
25539279
30827922
31497638
9680572
19629426
24779634
17949857
17976961
21320982
19569130
29256051
16383220
14762593
19158440
11982486
27430453
26936938
12873851
15908747
16252889
15036621
30128275
19139315
28259856
26811253
8708683
21881402
21531705
19081458
11375137
23729473
22637471
18261828
29113604
25544644
21696410
16032689
17172610
30796570
32310181
31918955
12053127
28304299
25817631
20669302
19330195
18044582
20683187
28570101
10553987
17381257
14568818
31640103
18093623
18379765
28209520
20674934
19372299
12417387
16845570
12844524
20810758
22579645
25461707
26978060
30847690
19015486
19202337
31182509
26039847
11844889
11552010
29206491
26401701
17726244
14705124
26721391
15052786
19170747
16240349
19150504
28542381
29716656
28739995
30108500
18413474
15084793
22868886
28425061
10412530
15072425
22491196
19163793
31609046
26876244
7739734
30707358
31925842
26402116
12682334
10374757
17888461
18056235
17012932
24382028
19494431
26299160
26585056
30941090
28562080
27547726
23390180
15525284
19346314
22010288
18287270
20089342
24698410
19770055
17072625
17080724
16186529
15965697
26890769
15634737
15489396
24531157
18782907
17196872
17219132
27104903
17380245
18070870
17502554
30503283
10364643
29614658
16009767
25573776
15980631
15215218
31744965
24683513
15570509
21825254
26560730
30023173
18040118
22422381
32417449
31784375
21320991
19499384
21978320
12796837
19909307
15875911
25129206
15178945
22231872
20352396
22414571
26284764
11032614
11032615
12975292
23357822
31447551
15774455
18176077
32325519
23796527
9667565
22045516
15695781
24570279
10775534
28475165
12955398
16006341
29730823
19899566
22673113
25582679
19402932
29122458
15728305
23224492
27460185
28315409
28984590
20087893
18070871
18706660
22787840
15178938
23839168
28480683
7787722
16844962
15004322
27489094
18677745
31633176
16495328
30889971
19012866
11486904
19150502
21729418
24503555
23541799
16157748
17003069
12135962
22642502
20493673
23572495
30743154
30097151
24287385
11827872
16340203
15536300
23208196
22731907
20879247
24672457
29651720
23575995
17851192
25343001
26783524
31615545
32482919
18802798
19013089
24577455
28621768
19651477
28869463
22850123
29453242
30878181
24217279
17659998
14739838
12901777
25661058
19276543
8713508
11890488
25574747
24672787
12043417
12166102
27628070
26484929
19228848
12476580
22131545
18800007
18974647
16416468
29948344
28576172
28138429
15930045
11059455
17532571
27983552
17971665
28671125
27401520
31668596
20942310
12607227
25362525
32314148
26932257
20947212
19285772
24952892
35529470
10781506
15826996
19064755
25342578
16265841
26351201
15683953
17846202
32039841
17195884
15023818
19102800
16273542
29876256
27103514
19442496
9400363
18329055
23962495
10206162
20102786
23427327
9109887
10835938
23527654
30227895
26590270
27489543
28846882
20849398
30925614
29353121
29512075
27930593
31393654
12938127
18210807
12604293
16375198
10536924
17541785
12732240
16243219
12755036
19412926
23237858
21675596
30610927
18756086
11045680
27066561
20408734
21530559
10325452
31784276
24745891
9545179
28229125
21842406
19439421
27576166
26028194
25869857
24577466
15729883
19874902
24760339
17353226
20142525
25687031
31735167
26620033
18474436
28830896
17353375
27743250
22054629
26827655
20196488
27929803
21939679
19323967
25358680
18512758
27997711
24445987
17182396
28333776
18401022
20660866
18436612
17988893
12146805
9408100
15615814
12493555
21147389
16251138
29971198
15800453
17415082
28424392
9711365
24240196
28520598
15178934
26344059
20183015
17030534
30183086
30690666
9172907
31281241
21084313
32318783
26324898
27334648
19914744
14551697
28320115
23860029
20026458
20133780
10651032
22329857
15178946
9693235
21277879
23117721
12876259
29166751
25177333
32055966
30987770
27792009
29103041
19324376
22552897
10728188
22383132
28705819
24676439
15822553
22008265
16328511
11673158
29197216
28932894
31789459
12564772
10050895
16328530
27003218
16192724
18955688
20034661
17620547
18412267
24531155
24145484
22903128
19323870
18080129
25389519
21596458
15174536
20548124
16406154
16763044
12734667
29381739
21090900
32373055
20393800
16249006
11209521
15760630
32123386
25482157
27599728
32378035
18836134
20934811
32250290
19967597
18937049
28534652
17420404
11217688
32334404
26092521
29728749
26635213
21195775
28664032
12022068
24385135
18202106
21822699
28103749
22989901
29736698
19759202
28912300
18835868
26939631
22785390
21059987
25988463
27636847
30834979
29928652
25629415
31848674
26810719
14639697
29123489
28119587
32441885
22516080
29096697
11889239
23867350
17615284
17662005
25610780
28427934
24047381
11929581
25140560
32234823
29201014
31790563
25619850
15937303
28438223
27072087
29963008
29704037
22067221
17347250
23507382
25373846
31088224
15689356
21385617
24343258
28630377
24516415
23986300
33072846
26920674
30930301
18191617
27157704
24926307
27021778
31555409
18843575
23957226
29672680
31551779
24242746
30788410
31159873
27630558
22189451
29497399
7594158
22482446
29765849
30035155
20173686
14597319
31975553
29213991
27752510
17350290
15212830
28097206
12593416
12213640
15084791
30349864
27199649
29413519
27513746
11248587
21220727
26939636
25772999
25377694
15562429
29213586
31356209
9029063
28653036
25449529
23686576
31980278
31179427
33343314
17202431
23475817
27489878
27896112
22937339
30320203
27703465
15722899
29558979
29935415
21946269
10526199
12599119
31549279
25386114
31617796
24409166
24179759
33192235
27157482
10436338
32083157
21857031
14716732
22071129
30713902
22005989
31410005
23157846
22174510
25780487
30546849
23801975
29249960
25574752
30087917
30255971
17968544
25893207
10940679
18307268
25069435
31388560
21461705
31008274
31838254
27997993
18690556
32804092
32265640
32019605
33975312
24052798
31354413
26984608
28685158
30521943
30646429
21911696
23006986
24256898
16639088
29354005
12056929
33551735
30851133
23591639
9169712
20619002
20158954
15786453
10593699
28061383
31525130
32905237
31105553
32754109
22184615
15551110
22710919
24978633
19727332
31392920
22503458
16477583
25317628
24860545
21987568
30987684
24572336
31693851
32241078
29569252
32793798
28515546
18971445
20960930
17620879
29881369
31864019
23609919
23838694
30111334
16180709
29910747
16768752
22699847
12783250
27928380
14991255
29164600
24278277
33536867
31902521
28148276
27624723
8866497
33381758
29476982
20965516
18492729
26563790
21315437
25041813
23165972
24130528
14567169
33324193
31710340
13130343
29780874
9177231
21592050
22048958
29134465
25484929
31447625
11851030
30480250
34996199
30670089
14527604
15324365
21096481
19501175
9829574
17574708
21811457
28058207
21197480
31659510
22180700
31287716
31824254
9577668
12034784
20496755
31620075
26339674
21479482
25572411
16240489
26572762
24404822
29391909
31754634
10417247
25654501
32333900
9125732
19198144
32201044
9656252
30482502
31844711
28785992
9339671
22728617
28123366
27423618
