10075897
10096415
10202567
10210838
10229724
10320212
10363454
10390725
10432180
10454151
10498441
10501577
10543677
10564377
10586971
10611121
10698057
10734010
10746605
10753488
10771414
10838149
10843517
10852226
10864232
10867223
10869578
10900023
10902692
10906317
10934267
10934558
11002353
11034856
11034859
11163369
11170808
11173879
11232158
11255453
11264319
11277595
11280962
11304080
11373131
11373134
11388925
11467905
11467915
11500993
11506648
11506665
11507655
11640935
11692039
11697939
11698604
11721864
11723264
11848697
11900744
11970810
11986127
11997709
12244209
12376701
12414280
12414300
12427682
12457377
12488794
12518288
12593457
12644352
12679295
12725760
12803967
12805122
12821095
12821793
12880907
14509213
14527585
14597297
14614811
14617709
14656487
14689506
14741648
14741670
14755836
15006649
15019393
15050780
15054055
15072672
15108303
15165354
15182320
15183397
15184616
15193583
15200709
15219589
15277622
15297367
15449360
15453978
15488911
15557495
15582751
15589101
15599074
15601516
15619544
15654552
15673663
15701237
15707797
15722208
15729440
15803557
15815582
15826972
15833592
15855024
15913008
15929498
15978553
16019234
16019572
16036465
16037664
16045068
16087350
16135867
16150579
16154446
16180624
16183616
16197695
16209427
16221923
16262647
16263844
16280140
16313931
16341023
16407540
16420468
16497521
16697526
16716389
16738490
16757180
16798015
16801651
16806977
16822733
16832659
16846742
16971677
16997905
17000970
17003078
17119311
17126370
17134649
17160371
17178430
17184881
17214381
17215478
17258912
17282448
17283202
17336947
17337745
17350142
17376706
17434917
17448507
17458447
17475292
17488202
17497631
17499169
17543421
17582746
17618423
17631871
17651869
17698704
17699696
17719211
17897686
17942721
17943000
17978028
17983290
17997284
18052787
18070738
18090314
18180141
18181241
18181784
18211236
18219619
18234685
18243736
18245041
18249421
18279872
18280753
18304205
18314252
18474845
18483003
18597227
18602410
18634890
18686056
18690393
18691562
18698134
18702583
18794492
18823229
18848742
18853338
18972392
18987882
19018949
19034897
19051093
19058786
19086201
19095230
19100312
19100840
19118131
19199406
19199412
19255058
19300986
19324533
19339493
19366283
19397900
19402923
19406904
19428407
19460543
19533912
19659683
19673793
19687293
19698726
19707785
19715732
19740135
19751389
19805050
19812293
19825347
19850055
19946611
19958383
20008650
20069587
20090680
20098809
20188841
20215749
20219285
20235096
20336685
20345597
20374203
20377346
20402571
20417582
20433243
20501508
20521858
20579177
20610756
20665723
20681013
20685992
20860570
20862617
20875802
20919769
21040792
21078303
21093970
21094210
21096898
21196511
21223865
21227152
21252551
21268671
21358846
21382559
21441396
21477602
21497490
21529702
21545658
21636095
21726649
21802436
21821135
21856969
21859598
21864550
21879327
21907811
21908484
21914395
21948940
21958651
22056967
22114849
22154751
22210355
22271019
22332188
22371351
22452562
22495745
22522783
22524276
22564482
22579967
22633945
22645108
22711287
22777857
22805228
22809738
22831959
22872307
22901696
22914244
22933741
22941499
22982513
22992027
23015426
23016766
23044279
23060150
23123681
23180753
23198887
23207513
23243071
23295390
23387510
23443964
23466832
23489402
23514930
23516317
23529023
23532550
23591255
23615031
23654223
23682664
23705755
23721725
23769862
23773675
23778975
23850398
23876114
23887984
23946416
23949205
23962174
23968177
23968208
24027137
24029378
24047380
24080400
24144246
24168381
24176981
24212504
24222405
24308559
24365484
24414278
24471481
24480302
24495089
24509088
24554306
24554354
24583040
24583254
24593796
24621494
24639411
24661911
24703187
24709020
24742227
24810401
24907485
24960045
24990921
25012096
25067812
25092900
25096286
25114070
25114071
25151425
25164675
25164875
25205663
25218951
25222292
25298199
25298312
25359694
25374100
25388082
25409934
25444535
25445839
25446966
25452569
25463456
25497398
25568118
25598397
25613405
25641572
25649655
25652023
25683798
25691253
25707397
25796300
25835427
25932663
26302300
31423042
9014457
9025115
9056277
9106749
9121583
9126062
9189915
9427353
9448576
9462459
9510380
9529941
9561986
9577389
9629847
9651496
9686785
9721927
9754438
9799627
9804125
9849722
9859121
9863701
9870415
9950711
