10349294
10511450
10574350
10769312
10806026
11002353
11069306
11113037
11162266
11189943
11241873
11554517
11571223
11713630
11733725
11771973
11848715
11906228
12126506
12240737
12631562
12727696
12946085
15056518
15165351
15200705
15309395
15541071
15563726
15741464
15841676
16199829
1679944
17133387
17214564
17476364
17483530
17525987
18363509
18370596
18511955
23968211
23968463
24578040
24591198
3277066
7708745
7846080
8410148
8430101
8670634
8822570
8931588
9121583
9187292
9223090
9305814
9863701
