11549754
12495527
12644355
15488398
15501593
15691521
16249098
17133391
17488204
17588776
17888411
18817740
19555702
19589502
19651401
19818382
19883494
19957268
19969089
20147457
20385663
20673804
20674090
20679212
21041200
21106812
21195392
21212840
21345342
21686071
21712804
21896496
21907809
21949675
21998031
22228751
22401827
22613776
22956675
22998631
23144849
23216889
23712090
23825408
23887812
24246489
24267410
24493837
24493847
24517388
24646887
24760016
24782800
24941136
24993897
25433095
25439326
25451388
25461265
25617820
25631055
25698699
25798822
25997918
25999363
26231911
26306990
26529426
26537018
26596970
27013102
27095057
27336036
27341851
27510495
27626229
27819447
27998996
28045309
28372994
29428771
29743808
29787789
31305099
31680150
31813987
32567667
33529742
