31547972
31813987
31414234
30554861
31769305
30946860
31311717
31394491
30355375
31680150
31292066
31250445
31414575
31464495
31025560
31278951
31431608
30656602
30124815
29905768
31098939
31133889
30408261
31057439
29753591
30488228
30934877
30773147
28899785
30778290
30253000
30321093
30173058
30527356
30502352
30570314
30564105
30339260
29318489
30343211
30455624
30071419
30333566
30212509
30059994
29931375
28866781
30125247
29787789
29877178
29430790
29785110
29380360
29734226
29628068
29154589
29662443
29061386
29432767
29428771
29529407
28197859
29172052
28916500
29362440
29372058
28888770
30261360
28589968
29321971
29326568
28715907
28836726
28598734
28881256
29163097
28579400
27709512
28946039
28901577
28894106
28992270
28501740
28560818
28372994
27341851
28419607
28402574
28620226
28060454
28105532
28402571
27288319
28462086
28192177
28126372
28032303
27819447
27998996
28273918
27935229
28040541
26809287
27091455
27626229
28095313
28197108
27633559
28045309
27559724
27997290
27894828
27973443
27510495
27932967
29653096
27524285
27351671
27013102
27095057
27375536
27010577
26647971
26896742
25631055
27086251
27177109
26746624
26945530
26619965
27003840
26921267
26537018
26596970
26692636
26306990
25999363
26529426
26332700
26365712
26210693
27336036
25439326
26299299
26010458
26231911
25698699
25617820
26379529
26217277
26083379
26082695
25799565
25461265
25433095
24902936
25451388
25208742
25533974
24813437
24760016
25603413
24493847
25193002
25156399
23765157
25209373
24993897
24677490
25198094
24430617
24713451
23988760
24382784
24865373
25048028
24646887
24690369
24658081
23576810
24267410
24782800
24246489
23202664
24818080
24715880
23948633
23712090
22956675
23774393
24145409
24223546
24517388
23689018
23796796
23500898
24027512
23937792
23935231
23825408
23111120
23398586
24179799
22445780
22345383
22275168
23450458
22368088
23123362
23551078
23216889
23074972
24179757
22998631
22822396
22613776
22468617
22738363
23144849
22056201
22228751
22217336
22115148
21459835
26168376
21922013
21669291
20621961
21531382
21686071
21041200
21534661
21345342
20385663
21195392
21041607
21394853
20673804
21055874
21212840
21098213
20630713
20445032
19957268
20226799
20188516
20004365
20141305
19400679
19522883
19818382
19717138
19398537
24052803
19338509
19058792
18930182
18774224
29743808
17888411
18985136
17010993
17699669
17588776
17493834
17133391
17069484
16460697
16930447
16859413
26989966
16249100
16087352
16180622
11756013
