19048446
21098967
29771359
10527065
11133312
11283394
11595100
11726375
11773433
11906219
11906224
12600721
14728924
15450228
15486494
15571794
15615089
15627581
15758048
15772354
15955497
16180619
16395871
16839292
17007234
17050709
17142061
17182771
17286075
17482797
18644242
18832559
19034901
19176813
19184997
19303915
19403795
19404149
19406906
19552309
19587274
19815079
19837178
19879364
19897796
20005675
20236568
20303474
20382629
20483379
20805539
21056678
21097307
21562201
21693490
21715632
21725803
21761686
21861675
21908126
22009019
22021252
22081869
22088655
22342874
22415119
22486330
22634214
22781161
22809741
22840629
23054671
23094592
23094707
23137945
23163417
23365241
23385293
23416451
23595762
23670589
23680187
23770804
23806137
23806174
23891754
23983029
23986267
24018008
24116842
24188368
24381231
24523536
24526181
24702449
24763631
24825621
24828652
24859091
24979343
24984958
25001954
25044747
25205006
25243989
25450335
25670029
25707581
25795343
25913702
26055632
26116812
26354924
26359751
26395403
26488590
26673946
26722848
26876926
26961943
27079535
27273474
27445213
27663021
27683898
27884798
27918912
27926435
28056655
28284798
28495368
28619654
28637289
28789578
28809668
28874449
29058357
29124352
29175495
29242147
29355105
29460357
29512494
29616472
29626649
29802593
29852777
30041971
30093351
30149963
30240509
30300662
30342238
30370983
30391836
30521815
30578340
30633429
30708104
30734849
30790672
31306118
31306138
8748865
8961762
