10417251
10600410
10790322
10806026
10841995
10888341
10950912
10988030
11034858
11034863
11112403
11162272
11162278
11467901
11467902
11682277
11697933
11697945
11707105
12414293
12802176
14674880
15505971
15820643
15998190
16167193
16168730
16284758
17434420
17828390
19540214
19641250
20521853
20695652
20714062
20837067
21098967
9038284
9212721
9347483
9626670
9626676
9665648
9669104
9918730
9918736
10022494
10025564
10025606
10029886
10030646
10071049
10075897
10075901
10078731
10079313
10080553
10088896
10088902
10093075
10094234
10096413
10096415
10096417
10097992
10100786
10102821
10190133
10191173
10191322
10194620
10195166
10197540
10199643
10199937
10199941
10202567
10202577
10211477
10211793
10211810
10212312
10215835
10218879
10218904
10225338
10227364
10229724
10230712
10231845
10232807
10232817
10320212
10321493
10322474
10329287
10329288
10332889
10334900
10340683
10348316
10348320
10348952
10349031
10349294
10353369
10354573
10355906
10360121
10363454
10363956
10368412
10371535
10371623
10380826
10380965
10382627
10384334
10385580
10389090
10389670
10398954
10398975
10400241
10401590
10402587
10407059
10408770
10409170
10415669
10416801
10417248
10417252
10417253
10424411
10424675
10426407
10426417
10432178
10432180
10434242
10440954
10441018
10448221
10454151
10458314
10466145
10466151
10467308
10468363
10468516
10471844
10471848
10472197
10473328
10478645
10482241
10482257
10482272
10482384
10484818
10486407
10489259
10493894
10493901
10493903
10495195
10498441
10499047
10501056
10501577
10501801
10501805
10505872
10506097
10510193
10511640
10515463
10518175
10523407
10524597
10524603
10524605
10525759
10531451
10533451
10541839
10543677
10547329
10547332
10547986
10552083
10552242
10554992
10556091
10556597
10561425
10564377
10568143
10572321
10583491
10584833
10586971
10590380
10591898
10595474
10597072
10601000
10601743
10601744
10608584
10609991
10611121
10616631
10618009
10619411
10627804
10629847
10634893
10636145
10637814
10639399
10641756
10642730
10643727
10648446
10649518
10653025
10654141
10659085
10660644
10661767
10667669
10667672
10668052
10669519
10671402
10673991
10674479
10676581
10679185
10680861
10683393
10683395
10686114
10688157
10688201
10690999
10694210
10694462
10694463
10694465
10695532
10698062
10700026
10700262
10709809
10710159
10716869
10720291
10724112
10725185
10728897
10730234
10731771
10734010
10739689
10741278
10746605
10750188
10753488
10753800
10753975
10762158
10762504
10768170
10768694
10769304
10769306
10769310
10769311
10769313
10769314
10769315
10769317
10771410
10771411
10771413
10771414
10778952
10781909
10784583
10787760
10788716
10788717
10789305
10792453
10793250
10805113
10805707
10806036
10808134
10808138
10810198
10821997
10828413
10832089
10836642
10838149
10844366
10847602
10848568
10851884
10852226
10852235
10855761
10857663
10860563
10860788
10860791
10860794
10864229
10864231
10864232
10867223
10869578
10869585
10869586
10875897
10875899
10875906
10877507
10882281
10883389
10884059
10885391
10889706
10891648
10900023
10902692
10903207
10903578
10906316
10906317
10907302
10908201
10909929
10912589
10913321
10913709
10913710
10923670
10923757
10924219
10928384
10928739
10933205
10933206
10933208
10933215
10934267
10934558
10943689
10943717
10943724
10943726
10944414
10944415
10949057
10952494
10957793
10962147
10964875
10966180
10967356
10967625
10971598
10971647
10975903
10976633
10980035
10980036
10982500
10988033
10993408
10994855
10997451
11002350
11002353
11002354
11002357
11007519
11007729
11008184
11014192
11016764
11018487
11020827
11021691
11021695
11027241
11027916
11032590
11034856
11034859
11036292
11039342
11049668
11050647
11053229
11054918
11055257
11056079
11058475
11061337
11062324
11069101
11069948
11074084
11077206
11077722
11087770
11090909
11091108
11099458
11099706
11099997
11103857
11105715
11106116
11108630
11112401
11113035
11113329
11114065
11114214
11117500
11117501
11125237
11126640
11133799
11133926
11134389
11135651
11141984
11145463
11146042
11150934
11156203
11162268
11162276
11163257
11163369
11165427
11167046
11170808
11170907
11173892
11177419
11179704
11180429
11180735
11181868
11189943
11192634
11194408
11194409
11194410
11194411
11195035
11198104
11198279
11198524
11200205
11200806
11209958
11216882
11223150
11230094
11231095
11232158
11238542
11240106
11240114
11241873
11244547
11244551
11247643
11247659
11247998
11247999
11253842
11257281
11257289
11257978
11259662
11261506
11264319
11273413
11275578
11276236
11276237
11284046
11287137
11295342
11296587
11296686
11305899
11309673
11311036
11313046
11317017
11320870
11322979
11328689
11332459
11333362
11333370
11335690
11338201
11339378
11339747
11342469
11343588
11346889
11351196
11352616
11352620
11354435
11356379
11357494
11371316
11373131
11373134
11373143
11376267
11376501
11377345
11383863
11386470
11387405
11388362
11388925
11394724
11398041
11403197
11407441
11409740
11409750
11411161
11418435
11419843
11422456
11430815
11439722
11440757
11445445
11451478
11454888
11455039
11456375
11457574
11464937
11465747
11467903
11467905
11467908
11467909
11467915
11467919
11467923
11477642
11478418
11479008
11486346
11487193
11489738
11500799
11500989
11500993
11500995
11501731
11504093
11504602
11506539
11506643
11506644
11506648
11506649
11506651
11506652
11506654
11506655
11506663
11506664
11506665
11507655
11509265
11512406
11513374
11513375
11516446
11516645
11521214
11524817
11525325
11525327
11525328
11525332
11527554
11530420
11530429
11530838
11532605
11532726
11532885
11532889
11533222
11535111
11535686
11543056
11545191
11545466
11549618
11551286
11554801
11554802
11554805
11554905
11556897
11559959
11564318
11564325
11564326
11564919
11567177
11567179
11568402
11568417
11578663
11584070
11585291
11585292
11587060
11587890
11587899
11588585
11590113
11593260
11594280
11594350
11595100
11595102
11595262
11597518
11602028
11604609
11606687
11606883
11640935
11640940
11640943
11677398
11679302
11680506
11680861
11681541
11682258
11689309
11692039
11694779
11697869
11697931
11697939
11697943
11697953
11703062
11707088
11707103
11709486
11711238
11713630
11713637
11715080
11718893
11719212
11721864
11723264
11729387
11733691
11733724
11733725
11737158
11739265
11740210
11742203
11744782
11746587
11746613
11746614
11746723
11747003
11747099
11748317
11750185
11750903
11757638
11761469
11771972
11771974
11771975
11771986
11779897
11781200
11784442
11784443
11784444
11784445
11786564
11788818
11790634
11790635
11797080
11798384
11798391
11804760
11814220
11814222
11817273
11823267
11825678
11831394
11834595
11836600
11837618
11838800
11839068
11839605
11844728
11845243
11847501
11848695
11848696
11848697
11848698
11853988
11859911
11870923
11875570
11890122
11894635
11896642
11900732
11901907
11906222
11906228
11906659
11914894
11921050
11927193
11929020
11929574
11930123
11930153
11931285
11931949
11944506
11948739
11954057
11955961
11955990
11958958
11969313
11969318
11969322
11969327
11969330
11970782
11970783
11970784
11970810
11971086
11972644
11973025
11973474
11973489
11976042
11976802
11976809
11978336
11989989
11996059
11997709
12003859
12005883
12009263
12012124
12028495
12030820
12030821
12030822
12030831
12034342
12047599
12050555
12053161
12058425
12062032
12062886
12063130
12067697
12070719
12088079
12088720
12088733
12099486
12099487
12102139
12107381
12110968
12111932
12111945
12112497
12112764
12112766
12112767
12112770
12112772
12122179
12124480
12126502
12126505
12126506
12133565
12134363
12135969
12136067
12138653
12139956
12143351
12150424
12151507
12153538
12163553
12165350
12165355
12165379
12165380
12165479
12167756
12169242
12169250
12169253
12169256
12169999
12173024
12181004
12183117
12183390
12187466
12188095
12191458
12197012
12199728
12201436
12201633
12202079
12203683
12203759
12204302
12205170
12205731
12208009
12210783
12214784
12217967
12221492
12228759
12244209
12271408
12357989
12361798
12372276
12376701
12377147
12377149
12377153
12377159
12377173
12379604
12382364
12387835
12391950
12395388
12395390
12395391
12397138
12402040
12404614
12411836
12414075
12414263
12414268
12414280
12414300
12417470
12417678
12419128
12421658
12421659
12422317
12427681
12427682
12428121
12428147
12433382
12438467
12445630
12450947
12453673
12454911
12455682
12456913
12457377
12459212
12460257
12466452
12467087
12467100
12467124
12468015
12468524
12468888
12477599
12480582
12482075
12482087
12482088
12482097
12486265
12488794
12488812
12495525
12498752
12498760
12498962
12501818
12507445
12507726
12509846
12513944
12514228
12518288
12518291
12519733
12520413
12527011
12527390
12538411
12541259
12552599
12559653
12562572
12562581
12570148
12575464
12580442
12582064
12587340
12588031
12588917
12592128
12592501
12593457
12594745
12595185
12595194
12595196
12597867
12598632
12599273
12599275
12599276
12599279
12599281
12599283
12601097
12601239
12602518
12606841
12615644
12620313
12625459
12625466
12627164
12631562
12632463
12632466
12634278
12634970
12637292
12637302
12638581
12644352
12644354
12646132
12655323
12657700
12658725
12664112
12665331
12667523
12667836
12667842
12667850
12668235
12668238
12668253
12670633
12675261
12676062
12676064
12677306
12677330
12679295
12679298
12685517
12687915
12691130
12697613
12698159
12703015
12704760
12706214
12706219
12708533
12716951
12721811
12722972
12727695
12727696
12727697
12729490
12729491
12735942
12748830
12752798
12753955
12754516
12757885
12759529
12761630
12762879
12763197
12768535
12775191
12778354
12781723
12781725
12781738
12781739
12784675
12784890
12787459
12789013
12793108
12802468
12803967
12806903
12808458
12808506
12811730
12811731
12811732
12811733
12813197
12814573
12814593
12815506
12819784
12821095
12821793
12821798
12822594
12824759
12824764
12832246
12836912
12838525
12842285
12842716
12846432
12857534
12868390
12873392
12876011
12880789
12880794
12880811
12880814
12880825
12880827
12880833
12880907
12886150
12887447
12888543
12889084
12890783
12899193
12911455
12914254
12914593
12915072
12925510
12925854
12930473
12931143
12931319
12934545
12937084
12937873
12938058
12938635
12939424
12944513
12946085
12948687
12948694
12948695
12948697
12948699
12948702
12948724
12948731
12953304
12953906
12954871
12958206
12958562
12959432
12965041
12970267
12971120
13130439
13680443
14498764
14499159
14499161
14502076
14505331
14510827
14511532
14511814
14512216
14512397
14514445
14514501
14516532
14516537
14516542
14516650
14518525
14520337
14520655
14521866
14527570
14527585
14527608
14528952
14537112
14537119
14537126
14537129
14550677
14550682
14551752
14561459
14561565
14561614
14566477
14566572
14568109
14568444
14568456
14568462
14568478
14568489
14568504
14568508
14570163
14571316
14572916
14575374
14579081
14585491
14585751
14586163
14587408
14597295
14597450
14600780
14606055
14606680
14607167
14607172
14611912
14614811
14615423
14617709
14618287
14625017
14627847
14627848
14628899
14633300
14636325
14642482
14642483
14644105
14644890
14645385
14649373
14652101
14652670
14654462
14663959
14667493
14668036
14668291
14670576
14670578
14673804
14677078
14679387
14680271
14680904
14681816
14683700
14683721
14684194
14686911
14689506
14689507
14698694
14698719
14700483
14702248
14704211
14704217
14704218
14706466
14706718
14709228
14709231
14716112
14716732
14719236
14719690
14725640
14728216
14728916
14728918
14730305
14733663
14736578
14738520
14739418
14740113
14741317
14741651
14741670
14741680
14741683
14745528
14745871
14747744
14749289
14752707
14754779
14754781
14755598
14755833
14755836
14755839
14756090
14758364
14759627
14759630
14767761
14964560
14964566
14967422
14969780
14972366
14980551
14980552
14980562
14980567
14994306
15000257
15001274
15005293
15006649
15006665
15006681
15009230
15013829
15019713
15024954
15024964
15027520
15027530
15029151
15029467
15030901
15032698
15034226
15036190
15036630
15038007
15038008
15040547
15043649
15048050
15050555
15050558
15050561
15050572
15050583
15050590
15050709
15050780
15053257
15053955
15054055
15054129
15056509
15058477
15062097
15068589
15068590
15068913
15068914
15068921
15070488
15072182
15072188
15076281
15083527
15094441
15095050
15095561
15095728
15106844
15108298
15108303
15109996
15110014
15110015
15110019
15112111
15114278
15120163
15120534
15122115
15122435
15123027
15127167
15127222
15127240
15128414
15129155
15129185
15129703
15130584
15130591
15132428
15135157
15136603
15140927
15145620
15145996
15147320
15149300
15156150
15162913
15163677
15164897
15165351
15165353
15165354
15167540
15167609
15169688
15172523
15177085
15178169
15182320
15182673
15183385
15183388
15183397
15184616
15192010
15193248
15193595
15193605
15193621
15193625
15195004
15195284
15195287
15195289
15196667
15196669
15197196
15200706
15202104
15202105
15202106
15204056
15204126
15209063
15210892
15214974
15219589
15219596
15219601
15219611
15223868
15228805
15232304
15233766
15234122
15235607
15236399
15238433
15245716
15246452
15248563
15249112
15251915
15252161
15258126
15258700
15259888
15261438
15265374
15268927
15269107
15269960
15270660
15271588
15275904
15275913
15275915
15275937
15279056
15279058
15281954
15282826
15288371
15290124
15294222
15295764
15297009
15298779
15298780
15298786
15301594
15302055
15305123
15306761
15309395
15313737
15318333
15319520
15322767
15325356
15325357
15325360
15325364
15329304
15329352
15335424
15337656
15340932
15342098
15344471
15344495
15354347
15358989
15362156
15365078
15368088
15370896
15371296
15377126
15377865
15380118
15382253
15383203
15389169
15389959
15390141
15390152
15390157
15390216
15449355
15449358
15449360
15451388
15453976
15453978
15456714
15459025
15459076
15459080
15459220
15464349
15471372
15473053
15473974
15484444
15486986
15487733
15487740
15488399
15488411
15488415
15488425
15488426
15488911
15489381
15490462
15493007
15494727
15496671
15499377
15500145
15500300
15502269
15502603
15502609
15503571
15504334
15505156
15505972
15513220
15513939
15514377
15515744
15516617
15525285
15527993
15528088
15528105
15528111
15528112
15533557
15537676
15545327
15545333
15552417
15554422
15557495
15560325
15564579
15564730
15569736
15570155
15570505
15570506
15572744
15578167
15580167
15581970
15582751
15584774
15585904
15588603
15588610
15589091
15589094
15589101
15589105
15590925
15593271
15598550
15599074
15601523
15601601
15601603
15607689
15607991
15608635
15613803
15615089
15616134
15616172
15616616
15619544
15620227
15623445
15625603
15627572
15627589
15629765
15630123
15632490
15633509
15635061
15638184
15640752
15647525
15647526
15647956
15650639
15651051
15652313
15652319
15652615
15656285
15657507
15660103
15660647
15661188
15668720
15669228
15670688
15670701
15670706
15673663
15677609
15678482
15681032
15689960
15690513
15691524
15691723
15696856
15699382
15700505
15700721
15701224
15701241
15703931
15706235
15707252
15707609
15707797
15707799
15708298
15709808
15711728
15711850
15717021
15719300
15722206
15722208
15722212
15722215
15722898
15723385
15728295
15728652
15728761
15729292
15729440
15734340
15734346
15734349
15734352
15734354
15734358
15734360
15739047
15746230
15746486
15748125
15753241
15758155
15758195
15768852
15769206
15776130
15784432
15784435
15784441
15787715
15788265
15788514
15788758
15796677
15800041
15803356
15803557
15804243
15804425
15808976
15808981
15808999
15809512
15812317
15814002
15814006
15814441
15814790
15815582
15817169
15817643
15819715
15820229
15820232
15820638
15820711
15821896
15826972
15832316
15833592
15834536
15834623
15837254
15837408
15841675
15843105
15846769
15846816
15847578
15849896
15850748
15851723
15852379
15852384
15852385
15852470
15854766
15855894
15856631
15857698
15858420
15862229
15862230
15865100
15874976
15879326
15880106
15884095
15885517
15885848
15887545
15889401
15890160
15893458
15893574
15895895
15898411
15899117
15901409
15901490
15904543
15904548
15906202
15907304
15908048
15908803
15909736
15912275
15912427
15912429
15912799
15917482
15919547
15927485
15929498
15930074
15931080
15932949
15933252
15935261
15936178
15937685
15937718
15939973
15948565
15953559
15956516
15958505
15958738
15961321
15974906
15978024
15978839
15978843
15979344
15985273
15987579
15989934
15993573
15993766
15995504
15995618
15997017
15997595
15999342
16001441
16002029
16003893
16004572
16009568
16009822
16018981
16019230
16019234
16019572
16020770
16032676
16034578
16035046
16035048
16036465
16037664
16038685
16042035
16043240
16043368
16045068
16045502
16047335
16047521
16049190
16049191
16051501
16054844
16055350
16060826
16060971
16075182
16080160
16081255
16082535
16082657
16084429
16084739
16084740
16084830
16087350
16087438
16087444
16087445
16087450
16091536
16094318
16096587
16098571
16100087
16102237
16106488
16107352
16107584
16109491
16112653
16118045
16118804
16120797
16123010
16123823
16123869
16135618
16135634
16139525
16140166
16140287
16142342
16142480
16142491
16142524
16147579
16150579
16150613
16154166
16154446
16154766
16160069
16160397
16160948
16161128
16161166
16163034
16165102
16165274
16167154
16167192
16168674
16168676
16169252
16169530
16170092
16173531
16175414
16178033
16180624
16180627
16183616
16185309
16186013
16193266
16194316
16194973
16195470
16197682
16197690
16198917
16199831
16209427
16216532
16216688
16219423
16220355
16222112
16224612
16225562
16228997
16236979
16243051
16243545
16246590
16253162
16256375
16257547
16262647
16263248
16263844
16263963
16264257
16268356
16275018
16275020
16275139
16275140
16275141
16276121
16280140
16280351
16283409
16284750
16284946
16286330
16286547
16293417
16298252
16298352
16301482
16301489
16302099
16302133
16302856
16303148
16303317
16303318
16303836
16307262
16310346
16313931
16321229
16324797
16330501
16331813
16337816
16340161
16341023
16341575
16342150
16343950
16344225
16350973
16352762
16356321
16356323
16356329
16356780
16361274
16369888
16373577
16377154
16380270
16387401
16388970
16389911
16396094
16401851
16403183
16404736
16404743
16405076
16406256
16406637
16406638
16407540
16407776
16407818
16410203
16412665
16413049
16413798
16414278
16414279
16417680
16417683
16417689
16418844
16419371
16420468
16423439
16424829
16427033
16427787
16431137
16434214
16447211
16452580
16455825
16456818
16459106
16460792
16460963
16460967
16462606
16463149
16466679
16467275
16469510
16472901
16473798
16476533
16479242
16479243
16480695
16485403
16488843
16490307
16495939
16497278
16497521
16498043
16500004
16500831
16506159
16507300
16511886
16512999
16513004
16513006
16513369
16513371
16513567
16514363
16521792
16525051
16525091
16525130
16525417
16529628
16529955
16530393
16531689
16531690
16534106
16534552
16538409
16541368
16541457
16542513
16543817
16545497
16547345
16547922
16551984
16557203
16563961
16565964
16567772
16568202
16580957
16581168
16583364
16585017
16586078
16597450
16603193
16603712
16603915
16603917
16604024
16604307
16604991
16610087
16612588
16616863
16617388
16621168
16624582
16624584
16627465
16627968
16631094
16632288
16633288
16639425
16640486
16641834
16647577
16648457
16649204
16649209
16649818
16650349
16651012
16670180
16675025
16676169
16676336
16677947
16677948
16678926
16679747
16686653
16687552
16697224
16697526
16702929
16703360
16707739
16715491
16715661
16716389
16720794
16723775
16731723
16733091
16735070
16736039
16738490
16740990
16741206
16750396
16751297
16754652
16757180
16757183
16765449
16766208
16766628
16767538
16767759
16768364
16768370
16768376
16770230
16770303
16770797
16771054
16772881
16775126
16775140
16777562
16781779
16784724
16788713
16791099
16794461
16797610
16797757
16797758
16798015
16798016
16805929
16806977
16808819
16814264
16814525
16814889
16814986
16815338
16822733
16823059
16823468
16828743
16829652
16831858
16832634
16832659
16833038
16837856
16837858
16839289
16839292
16839298
16839301
16840196
16840928
16845593
16846742
16847376
16849747
16850145
16850255
16859416
16860474
16861011
16861334
16865594
16878403
16881268
16894329
16896783
16896984
16901290
16901521
16904794
16904913
16908869
16919185
16919479
16920622
16924086
16925477
16925579
16932145
16934491
16935269
16945506
16946930
16950215
16950223
16950224
16950986
16951568
16952916
16953042
16953339
16954943
16959412
16959501
16961940
16966840
16969787
16970007
16971677
16972011
16972100
16979871
16987673
16989552
16990015
16996717
16997366
16997428
17000970
17003078
17003382
17009108
17009847
17011097
17011320
17015078
17015084
17016149
17016213
17020747
17022246
17024839
17027931
17028561
17029986
17029987
17030047
17035046
17036525
17037277
17044397
17048070
17051376
17056279
17059628
17061117
17062370
17064446
17064940
17069470
17069484
17069771
17070707
17071237
17071346
17073982
17074948
17075687
17080435
17088019
17088375
17091397
17093130
17094119
17098331
17100855
17101155
17101687
17101688
17101897
17105934
17108145
17109899
17113312
17113672
17119311
17119948
17123479
17123836
17125924
17126435
17129186
17129192
17132050
17133383
17133393
17133396
17133397
17133401
17133402
17134649
17134917
17140876
17148018
17151173
17153389
17157035
17157401
17157534
17157917
17161626
17164821
17171338
17172155
17172162
17172552
17178965
17182108
17182226
17184881
17185003
17185195
17185512
17188900
17189619
17190967
17196255
17196398
17197198
17198694
17201512
17204820
17209415
17212552
17215145
17215478
17216053
17223576
17224134
17224294
17237010
17239621
17239622
17239915
17243354
17244844
17245349
17249197
17255408
17258910
17258912
17264373
17265148
17266104
17267796
17267934
17271546
17272082
17272977
17274019
17274021
17274022
17274023
17275613
17276310
17276751
17277726
17282135
17282448
17283202
17287508
17288744
17290371
17290373
17298962
17300960
17301491
17301679
17306771
17306772
17307337
17310866
17315224
17316821
17318832
17318835
17321235
17321554
17322084
17325589
17325900
17329130
17329470
17331476
17332054
17334208
17336502
17337745
17343835
17350142
17350291
17350756
17350879
17353296
17354733
17354775
17357280
17358020
17360913
17365109
17368206
17368793
17368841
17368939
17369516
17374918
17375973
17376706
17378228
17379443
17381253
17381255
17381421
17382266
17385077
17389628
17392254
17395574
17398078
17400479
17400480
17401515
17401623
17403973
17406250
17406603
17412002
17414883
17415782
17416488
17416921
17416922
17418151
17418291
17418591
17418888
17425733
17425847
17426589
17428168
17428266
17428996
17430679
17431059
17437282
17439740
17440247
17440775
17440786
17442521
17448546
17452007
17454885
17457883
17458319
17458447
17462154
17464690
17470987
17475958
17479523
17481399
17482410
17482411
17482412
17483530
17484055
17486103
17487228
17490991
17493051
17494829
17497631
17497646
17498975
17499003
17499164
17499169
17499456
17499467
17499933
17504782
17507643
17508294
17509073
17509259
17509896
17512615
17517680
17518929
17520203
17520425
17520437
17521924
17522897
17524589
17525865
17525983
17525987
17533753
17533754
17534651
17535030
17536959
17536966
17537969
17538034
17538276
17538950
17538951
17540281
17540572
17541057
17543421
17543896
17544157
17544630
17546450
17547581
17547582
17549462
17549877
17551932
17552934
17555258
17558500
17560126
17560130
17564734
17565163
17568001
17570644
17570685
17571561
17573375
17574869
17574870
17576279
17576750
17582746
17582785
17583986
17583996
17586869
17590353
17591275
17591548
17593878
17598162
17599702
17600237
17600730
17602140
17603315
17604351
17606661
17608908
17618423
17618656
17627850
17628434
17631362
17631431
17633696
17636560
17636563
17638594
17644001
17651709
17652467
17654895
17657202
17659885
17662530
17664549
17669531
17670605
17670949
17671874
17672380
17673231
17674355
17679051
17680602
17681357
17681956
17684046
17684521
17684586
17686049
17686467
17686634
17688985
17690338
17694857
17696171
17698539
17698710
17699696
17705014
17705020
17705220
17706177
17707444
17709603
17713133
17714373
17714375
17715358
17716987
17717689
17719112
17719211
17720652
17726086
17727889
17729011
17763661
17767573
17767576
17768265
17784808
17804260
17846109
17851984
17868275
17869543
17873968
17875792
17878070
17880180
17880900
17884110
17884748
17886002
17889446
17891243
17892385
17892391
17893294
17894392
17895798
17895916
17896376
17896597
17897404
17897686
17899596
17904387
17904388
17905599
17906328
17909128
17910601
17913256
17916328
17916338
17919083
17919925
17921027
17921875
17923769
17924521
17924535
17924553
17928441
17928451
17935181
17936014
17936016
17939911
17942721
17943000
17946014
17946020
17946104
17946432
17946438
17946854
17954780
17957704
17958482
17958487
17958489
17960461
17962042
17963797
17964221
17965984
17970767
17974940
17979117
17979119
17979120
17979124
17979790
17981436
17983290
17983962
17986113
17987225
17991778
17993204
17996811
17996812
17997284
17997330
17999607
17999839
18002536
18002728
18002733
18003186
18003188
18004607
18004945
18007181
18026942
18030580
18031825
18033767
18035820
18040629
18042932
18043540
18043766
18051128
18052782
18052784
18052787
18055184
18055942
18057954
18058090
18058239
18058813
18060395
18060720
18060812
18061152
18061484
18063344
18068690
18068933
18070949
18072279
18072830
18076530
18076995
18077520
18077798
18079060
18082990
18086536
18090314
18092653
18094859
18096139
18158273
18160181
18162699
18163813
18165105
18171363
18172628
18175859
18176088
18178485
18180141
18180228
18180434
18181241
18181784
18181882
18184849
18190494
18191524
18191573
18194182
18196871
18201838
18201906
18203694
18204955
18206186
18206188
18206391
18207248
18207441
18208900
18210810
18211236
18217881
18219619
18220735
18228024
18234508
18234509
18234523
18234685
18235427
18240321
18241912
18243736
18245041
18245043
18249421
18249423
18253676
18254547
18256259
18257001
18258978
18269651
18270878
18275332
18275335
18275485
18279872
18279946
18279947
18284346
18284348
18284352
18284629
18289881
18293042
18302117
18304205
18306450
18311533
18313791
18314252
18314351
18316207
18321877
18322462
18327513
18327832
18328726
18329291
18330870
18330872
18334435
18337016
18337422
18338245
18338540
18338840
18342424
18342473
18343159
18344173
18345980
18345983
18345989
18346831
18346913
18349055
18353127
18353285
18356025
18356027
18361438
18367048
18367410
18368572
18369089
18370593
18370596
18371593
18374274
18374608
18378168
18378553
18385097
18387583
18387584
18387825
18388730
18388732
18392411
18395472
18400793
18400794
18400954
18401976
18402630
18406628
18407471
18412112
18412113
18412129
18413290
18413706
18414356
18415787
18416672
18416674
18421120
18423926
18434091
18434201
18434631
18434632
18435753
18438867
18439410
18439825
18440493
18440959
18445024
18445694
18448300
18451192
18452748
18455152
18456393
18457507
18458902
18461541
18465269
18465746
18465788
18466667
18466987
18468692
18468869
18475251
18479670
18479876
18482724
18483003
18483724
18484855
18489966
18497359
18498034
18501457
18502045
18504037
18506392
18508873
18511023
18511693
18511955
18513352
18514545
18519527
18534567
18538585
18538587
18539159
18540914
18541277
18541279
18541979
18543017
18545916
18550030
18550762
18551236
18555666
18557921
18559406
18561672
18570207
18571794
18573836
18578599
18580230
18584891
18586109
18586234
18590730
18597227
18599025
18599179
18599316
18599318
18599400
18601618
18602410
18605868
18606193
18608854
18611446
18613374
18614184
18617159
18619668
18630473
18632890
18633804
18633826
18634889
18634890
18635157
18635241
18635699
18635705
18636549
18637829
18639870
18648194
18651258
18657923
18661163
18663166
18666103
18667768
18668147
18670852
18672071
18672352
18675995
18676033
18677746
18686056
18690373
18690393
18691562
18691703
18692790
18693898
18694837
18695872
18697558
18698134
18701392
18702576
18703030
18705293
18706507
18711708
18712181
18712338
18713782
18718543
18718572
18720013
18723676
18725239
18727682
18729718
18752413
18756367
18758934
18759811
18759938
18760631
18769311
18771673
18771675
18771801
18772259
18775476
18779428
18781431
18781582
18785653
18787658
18787662
18789981
18790064
18790618
18791682
18792858
18793658
18796186
18796430
18797310
18799279
18799681
18805460
18811906
18815263
18816821
18821979
18822797
18823229
18823235
18829134
18834906
18835581
18835663
18837865
18838037
18839089
18843187
18845994
18848444
18848742
18849119
18849533
18849690
18850346
18852055
18853338
18927345
18930036
18930635
18930746
18936922
18938251
18949462
18950928
18951032
18954477
18956461
18957312
18972392
18976695
18978327
18979834
18982612
18984453
18985100
18985127
18990710
18992288
18993006
19001696
19003497
19005004
19008206
19015078
19015083
19021206
19021411
19021972
19027078
19027195
19028588
19028593
19029284
19034897
19038850
19041965
19042912
19046993
19047074
19047359
19051093
19052111
19052210
19058786
19064878
19067772
19071223
19072906
19073624
19073802
19074498
19074979
19075356
19075711
19076399
19081023
19082307
19084070
19084071
19086020
19086201
19091969
19095220
19095230
19095892
19098351
19100312
19100840
19100845
19101639
19104803
19105056
19107748
19109512
19109997
19110394
19117159
19118131
19120444
19122029
19128681
19133239
19133862
19135155
19135215
19138749
19139412
19139866
19144587
19145990
19146235
19146355
19150518
19150784
19151374
19152067
19153890
19155350
19158200
19159693
19162200
19162201
19163596
19163619
19163694
19163697
19163962
19163965
19166946
19170662
19171077
19172647
19174180
19174368
19176280
19176827
19179863
19180558
19182479
19182728
19183133
19184997
19185468
19187801
19188113
19188115
19188245
19189286
19190727
19194210
19199406
19200242
19205017
19205842
19207199
19211878
19221144
19224116
19224232
19224618
19224975
19225946
19231783
19232481
19233234
19236528
19237269
19237342
19241396
19243926
19244353
19244518
19245906
19247255
19247994
19248969
19259973
19261334
19263104
19263420
19264142
19267382
19273460
19285142
19285560
19286464
19288464
19291529
19293824
19296728
19299441
19300063
19301993
19304859
19306363
19306445
19317377
19322649
19324533
19330172
19330592
19335198
19338714
19342124
19344685
19344773
19345269
19345734
19345736
19345899
19346328
19349234
19349237
19349314
19350564
19353235
19353674
19357228
19357387
19361566
19362152
19365800
19370440
19375260
19375695
19376244
19378277
19378878
19379906
19382109
19382897
19383055
19383503
19383937
19384887
19385991
19386636
19387076
19387979
19389718
19393011
19395524
19397900
19398017
19402923
19406595
19406904
19407219
19408165
19409224
19410583
19410589
19413453
19413476
19413478
19414043
19414052
19414462
19415166
19417895
19418510
19419593
19420090
19421809
19424100
19425037
19427907
19428222
19428399
19428403
19428411
19429132
19429163
19429173
19433416
19433790
19434584
19435709
19437053
19437206
19437496
19439588
19440162
19443657
19444347
19446442
19446443
19449331
19450694
19452191
19454810
19457356
19457367
19459013
19460443
19460543
19460870
19465134
19467359
19472406
19474122
19478379
19479729
19480235
19481159
19490042
19492301
19497374
19499585
19500088
19505583
19507155
19507588
19512976
19515831
19518263
19520168
19520175
19520177
19520360
19521974
19524399
19525715
19526047
19530217
19530277
19535981
19536354
19536435
19539034
19539770
19543005
19544187
19545475
19549284
19552900
19553435
19555834
19557858
19559043
19560547
19566776
19567340
19567364
19570530
19570738
19571281
19571734
19572308
19573900
19576772
19579091
19580915
19583477
19584890
19585350
19591407
19594667
19595679
19598133
19605520
19615733
19618486
19619358
19619665
19621369
19621370
19623870
19624392
19626537
19627647
19631276
19631626
19631673
19632066
19632301
19632852
19635368
19637101
19638908
19640484
19640506
19642048
19642879
19643117
19645622
19645826
19647038
19652293
19657696
19662456
19665104
19665784
19665923
19673793
19674842
19678593
19679762
19683419
19686705
19686782
19687293
19687531
19689272
19692211
19694254
19695469
19695692
19696967
19698042
19698726
19698727
19699306
19699795
19705330
19707785
19709652
19709972
19709999
19710182
19710691
19713602
19715400
19720925
19726233
19727598
19732120
19732478
19732838
19733247
19733673
19737873
19740135
19744826
19745020
19747163
19747900
19748075
19748540
19750921
19751546
19755606
19761315
19761853
19765205
19765600
19768637
19776563
19777557
19781653
19785875
19786284
19789883
19805050
19805691
19809575
19812293
19816637
19817807
19817808
19825347
19833215
19833321
19833552
19833790
19834573
19834653
19837177
19837179
19846064
19846472
19847071
19847160
19850055
19850134
19853899
19854215
19854279
19861234
19862697
19863259
19875053
19877238
19877240
19878726
19878729
19879918
19880216
19882335
19882649
19883305
19883666
19890012
19900376
19900561
19904285
19906809
19912175
19913101
19913621
19914263
19922376
19922803
19923280
19926457
19927062
19927262
19932706
19933712
19934999
19937337
19943430
19944767
19946611
19947462
19948224
19949718
19949981
19950195
19955945
19956088
19957266
19958383
19959006
19959009
19959345
19962441
19963068
19963621
19963903
19963905
19964387
19964570
19964791
19964850
19964851
19966326
19969009
19969092
19969097
19995868
20004253
20004724
20005962
20008650
20009452
20014387
20014654
20017002
20017117
20020345
20023324
20025620
20026224
20027572
20029782
20029833
20034546
20041477
20044008
20045473
20046891
20049657
20051318
20051364
20051927
20052528
20053346
20053379
20053383
20053431
20056150
20056162
20058321
20059314
20059991
20060479
20063353
20066395
20074647
20080877
20083322
20083773
20090680
20092581
20095463
20096539
20097029
20097290
20100584
20100882
20102694
20103390
20104059
20105435
20107135
20108224
20113879
20116072
20116955
20117893
20117894
20121315
20123114
20124742
20128672
20130360
20132897
20138674
20139150
20143109
20143387
20146606
20148760
20153142
20154432
20154614
20157373
20157644
20160400
20161012
20162320
20162605
20164122
20168289
20170692
20171926
20177671
20177767
20178033
20182040
20184804
20184959
20188195
20188768
20190005
20197097
20197344
20198277
20201893
20202637
20203139
20205245
20208095
20215749
20215938
20218804
20219248
20221319
20221954
20223853
20224157
20226257
20227458
20227508
20229085
20229366
20232398
20233646
20235060
20235096
20236568
20237774
20302028
20303392
20304726
20304727
20336064
20336655
20336659
20336685
20336688
20338015
20338016
20338246
20345920
20346460
20347043
20350608
20357688
20358141
20362418
20362676
20363808
20367444
20368310
20370665
20374203
20375250
20377346
20378140
20381584
20384762
20385153
20385169
20385245
20394901
20396883
20398773
20399735
20399796
20400937
20401334
20401770
20402571
20403508
20406690
20408214
20408228
20408231
20408237
20408241
20408243
20408247
20409610
20409662
20410186
20411397
20411412
20413893
20415605
20416363
20417065
20417582
20420766
20420925
20421135
20423700
20423753
20425225
20426084
20426143
20427649
20429752
20433243
20433774
20433856
20435051
20436790
20437130
20439501
20441384
20443788
20445118
20448078
20450898
20451622
20455867
20456660
20456889
20458484
20462326
20466041
20467871
20471139
20471191
20472074
20480244
20484385
20490606
20494338
20494627
20496376
20496377
20503116
20507301
20510377
20521082
20521489
20521858
20524513
20525535
20528824
20533560
20537929
20539026
20541287
20541653
20547416
20550178
20553306
20553371
20557486
20558983
20559457
20561537
20561934
20565381
20570244
20570382
20570602
20573462
20574659
20576647
20578173
20578830
20579005
20579177
20580827
20581682
20582537
20583990
20583995
20588212
20589879
20590833
20592212
20593194
20598238
20599364
20599816
20600186
20600969
20600972
20600985
20602430
20602897
20603219
20607220
20607534
20608963
20610743
20610756
20615132
20616025
20617887
20620212
20623771
20627131
20627366
20628724
20629484
20631240
20632612
20634590
20637819
20643213
20644923
20645312
20648039
20649745
20654698
20656363
20656826
20659452
20660253
20660768
20665723
20666600
20669165
20670083
20673689
20674279
20674482
20678981
20681013
20685992
20686745
20688175
20690141
20691025
20691274
20691675
20696496
20697116
20699208
20702500
20704689
20704964
20708069
20708907
20709150
20709176
20711940
20712823
20716396
20718912
20719532
20723605
20725910
20725914
20727606
20727941
20728549
20729396
20729989
20731637
20731962
20732630
20732901
20733346
20735805
20736069
20739343
20800649
20801897
20804287
20805537
20807578
20810879
20813202
20813639
20814963
20815071
20815480
20818513
20822756
20823808
20829538
20831482
20832486
20833223
20833501
20833761
20836159
20838906
20838907
20844855
20847425
20850026
20850237
20850386
20850598
20851156
20851168
20851770
20854878
20855051
20857080
20857849
20859295
20859921
20860570
20861435
20862617
20865250
20865729
20869400
20869446
20869449
20869846
20870689
20875462
20876008
20876115
20881375
20881565
20882553
20884355
20886575
20887875
20888847
20888872
20889428
20920590
20924594
20924688
20926657
20927016
20932922
20936298
20938177
20946958
20946964
20950644
20951664
20952459
20957527
20957581
20957583
20959375
20959693
20960572
20961661
20962233
20964954
20965696
20973710
20974268
20974270
20976129
20980667
20981611
21030092
21030486
21036014
21040792
21044553
21048292
21051038
21053763
21055625
21063144
21073548
21073963
21074583
21075551
21077136
21078303
21078400
21080118
21081115
21083626
21084608
21090881
21094663
21096491
21096898
21097318
21097323
21098912
21105284
21106812
21111514
21113608
21115232
21119752
21126527
21126842
21129823
21130141
21131750
21134014
21134537
21134809
21135385
21138392
21140434
21144115
21144499
21146453
21146615
21147519
21147931
21148010
21150057
21151713
21154218
21154789
21155879
21158277
21158319
21159322
21159952
21160699
21161755
21162045
21163274
21163276
21163879
21165006
21168394
21168427
21169287
21175013
21175614
21177048
21181800
21182967
21185903
21188286
21193541
21194569
21195135
21195295
21199445
21204760
21210111
21210340
21211569
21213412
21213413
21215442
21215597
21224415
21224491
21227152
21227232
21228306
21229616
21232548
21232613
21232817
21232892
21236276
21241748
21248130
21248684
21252551
21254802
21255179
21255659
21255663
21256220
21256582
21257351
21258093
21259381
21259385
21261110
21265605
21266125
21268930
21271311
21273134
21274687
21278012
21278826
21285697
21285908
21287170
21288518
21289180
21291959
21292388
21294021
21295145
21296443
21296649
21300162
21300489
21300967
21304319
21305662
21305663
21314488
21314846
21315273
21315286
21317080
21318476
21320741
21331320
21331531
21331932
21332594
21333256
21334099
21334445
21334602
21337404
21338547
21338691
21349690
21350048
21356314
21357529
21357880
21358846
21361219
21362335
21365601
21365626
21366885
21368086
21368285
21375473
21375601
21376542
21376543
21378078
21381822
21382190
21382191
21388475
21389234
21391249
21391250
21391268
21394047
21397701
21398129
21398177
21399712
21402920
21406160
21406235
21411108
21414364
21420079
21421063
21427167
21430147
21430585
21430646
21435566
21435573
21436535
21438075
21439268
21440072
21441147
21441396
21447325
21447350
21450336
21451017
21451309
21452715
21459147
21460786
21464537
21464612
21470573
21471555
21471559
21472819
21474509
21475005
21475910
21476114
21477019
21477602
21480025
21483437
21484934
21491106
21492080
21497490
21499781
21509770
21515387
21518037
21520346
21526446
21527413
21527788
21529702
21530264
21534685
21536530
21536556
21536784
21536967
21540116
21543181
21543191
21545807
21546610
21547477
21547601
21547846
21549204
21549721
21554963
21555634
21557776
21559029
21561296
21565227
21567121
21570561
21574047
21577098
21585481
21590261
21591026
21592058
21592741
21593313
21596533
21600294
21601434
21604939
21609767
21618660
21618663
21618664
21620886
21620907
21620984
21620985
21624476
21632936
21633905
21635235
21636095
21636118
21640136
21640191
21640835
21641022
21641934
21642353
21643436
21643732
21643733
21645098
21649758
21651921
21652587
21656217
21656557
21660483
21663993
21673607
21674551
21675596
21676130
21676387
21677175
21681221
21683723
21683942
21689672
21689765
21690000
21692143
21692146
21692148
21693087
21694180
21703287
21703351
21705027
21705195
21705394
21708178
21709173
21710268
21710364
21711223
21714745
21715640
21718325
21718791
21719430
21722888
21723949
21726581
21726649
21729758
21733286
21733287
21739525
21741093
21741450
21744432
21745440
21750952
21753011
21755370
21756946
21757239
21761469
21761652
21761687
21761688
21761996
21761997
21762928
21763642
21768159
21768383
21768697
21769466
21777109
21777651
21778039
21778672
21780233
21782354
21782395
21782957
21784302
21791169
21792570
21793825
21794852
21795540
21795550
21799066
21799211
21801839
21801840
21803163
21803339
21807094
21811290
21812571
21812622
21812873
21815393
21816137
21818709
21820247
21820455
21821135
21826762
21833659
21835249
21837458
21838262
21839177
21840409
21840846
21850692
21854858
21854967
21855972
21856429
21856969
21859163
21859598
21861050
21862036
21862169
21865456
21868203
21871533
21871534
21871573
21872614
21872664
21874602
21878364
21878489
21878696
21880172
21883628
21887677
21888286
21889990
21889994
21890745
21892700
21896496
21897444
21898674
21900068
21900564
21900574
21901425
21903976
21905803
21906049
21908484
21914395
21914483
21914569
21915135
21919815
21922397
21922599
21923784
21923786
21924367
21927866
21928636
21930160
21932262
21932265
21932437
21932994
21933616
21936743
21937181
21937201
21937800
21942763
21945593
21945794
21945849
21947614
21948940
21953419
21955165
21957241
21958514
21958651
21959971
21962981
21965419
21968434
21971161
21971474
21972276
21972425
21976392
21979380
21982164
21982928
21985031
21985692
21985908
21987501
21989635
21989701
21989805
21995011
21995040
21995041
21997605
21998090
22000998
22001266
22001314
22001789
22003653
22003699
22003983
22005992
22006034
22006639
22009644
22010901
22011212
22014100
22015315
22015572
22016480
22019080
22019709
22019879
22021252
22023051
22024300
22024858
22027085
22027197
22029352
22033780
22036177
22037418
22037688
22038783
22038986
22039292
22047730
22048461
22049263
22049420
22052081
22052158
22054872
22055622
22055855
22056967
22061423
22062190
22063904
22068921
22072285
22074478
22076870
22078639
22079656
22079661
22080733
22081878
22082422
22082774
22085135
22085863
22087445
22087447
22089661
22091533
22094933
22095209
22098446
22099606
22101112
22101143
22102362
22102418
22103784
22104172
22105156
22108504
22110002
22111828
22113948
22114099
22114292
22114849
22115994
22119059
22119640
22119653
22122779
22123187
22123940
22132942
22133409
22133766
22138125
22146752
22147450
22147958
22150407
22154751
22155027
22155195
22155375
22156722
22161695
22162145
22165688
22166451
22166676
22177038
22178299
22178808
22178814
22185061
22187896
22188383
22189657
22190073
22191195
22196111
22196847
22197699
22197719
22200490
22201469
22202157
22202190
22202882
22203319
22206836
22206967
22208962
22209640
22209811
22210355
22212022
22212987
22217254
22225729
22226798
22227134
22227457
22227535
22230115
22230805
22231384
22233778
22237494
22238084
22245007
22245352
22245637
22245651
22248579
22250818
22254812
22255193
22255425
22255441
22255950
22256225
22256317
22258040
22259007
22261377
22263921
22265362
22267446
22270355
22271546
22272622
22275475
22277263
22277668
22278320
22279249
22281674
22282457
22284226
22285603
22290265
22294527
22300959
22302550
22302824
22302842
22305924
22305991
22306089
22308262
22314879
22317687
22326672
22328685
22329690
22330316
22332188
22332720
22337757
22339744
22341731
22342372
22347762
22348881
22349711
22354449
22357634
22359341
22360275
22360595
22360676
22361169
22361256
22365049
22365747
22366326
22369993
22370913
22371351
22371590
22371618
22374274
22380580
22381099
22381736
22383804
22386967
22386970
22387168
22387596
22389415
22390321
22392009
22395209
22396439
22397907
22398297
22399235
22401758
22405733
22406068
22410326
22410476
22416392
22417767
22417806
22419478
22419679
22420434
22420593
22420742
22425598
22429242
22430943
22431587
22433047
22433050
22433051
22433053
22436654
22438174
22440644
22440650
22444074
22445697
22445785
22449387
22451272
22451482
22452559
22456451
22458423
22459725
22460330
22460441
22461234
22461299
22461315
22465842
22475092
22475429
22475505
22478384
22480958
22481042
22484411
22484516
22486871
22488985
22494658
22494828
22494829
22495143
22495237
22495688
22495745
22498658
22498690
22503778
22504114
22504766
22505290
22505340
22505353
22505661
22507231
22508767
22510532
22512289
22513340
22515798
22516367
22519425
22521476
22521874
22522963
22524266
22524276
22525560
22527119
22527889
22529218
22531524
22531828
22538086
22542580
22542665
22542844
22542993
22547506
22548805
22555622
22559836
22560689
22560889
22563007
22569063
22569188
22569192
22569545
22573195
22578782
22580084
22581848
22582967
22583916
22584228
22584235
22585315
22592018
22594455
22594784
22595988
22596267
22596271
22608014
22608157
22608404
22610458
22610479
22613230
22621260
22622022
22623677
22631618
22631622
22631623
22632731
22632811
22633443
22633945
22634220
22634855
22634861
22641837
22642389
22642711
22644868
22645108
22649231
22652306
22658973
22659004
22659479
22668986
22673327
22674168
22678838
22678839
22681676
22682901
22682903
22682904
22683360
22683529
22683953
22685065
22686520
22687958
22688567
22689216
22692647
22695336
22696432
22697603
22698991
22703618
22703623
22711287
22711328
22711376
22711646
22716140
22717280
22721259
22722450
22728314
22736513
22736538
22739139
22742852
22743002
22743802
22745208
22750124
22753723
22755691
22759337
22759997
22760521
22763152
22763170
22764345
22766854
22767373
22767633
22777857
22777953
22781643
22783045
22784605
22784688
22791600
22792129
22795932
22796277
22796505
22796990
22797692
22798396
22798398
22800942
22802056
22804698
22805228
22806646
22806961
22807338
22809738
22809740
22810101
22810967
22815229
22815523
22817957
22818209
22820235
22820636
22820891
22823024
22830751
22831772
22831959
22833043
22833861
22834634
22835685
22835865
22840516
22840553
22840598
22841311
22841350
22841497
22842906
22846335
22847906
22849403
22854261
22856363
22858266
22866182
22867952
22868934
22869007
22871909
22874167
22875866
22878845
22879351
22881457
22883200
22883963
22885247
22885679
22889563
22889940
22890098
22892351
22893380
22897026
22898701
22899217
22901109
22901627
22901696
22901746
22901957
22902471
22902769
22904176
22906784
22906785
22906787
22915309
22915491
22918757
22921939
22925606
22925652
22928842
22929298
22933820
22936560
22939873
22940231
22941499
22941508
22944369
22948355
22948956
22955145
22956332
22956669
22957627
22960086
22960116
22960415
22960664
22961671
22963835
22963856
22965696
22965755
22975148
22975430
22975778
22978709
22980080
22980918
22981890
22982513
22982585
22982622
22982727
22986077
22986355
22986643
22987751
22987817
22989624
22990206
22992492
22993416
22993433
22993443
22995440
22996045
22999437
22999968
23001254
23001620
23007549
23008180
23012251
23015426
23016794
23020899
23021069
23022750
23025619
23029866
23030509
23031747
23033154
23036041
23036083
23036586
23037186
23039646
23039682
23041526
23041527
23041530
23042742
23043904
23044279
23044373
23047371
23051156
23051897
23052452
23053321
23055501
23058446
23059145
23059859
23060150
23063842
23069759
23069809
23070370
23073642
23078615
23079152
23079572
23085111
23086162
23089152
23097247
23101745
23102118
23103691
23108276
23109699
23110678
23110878
23110886
23111173
23116812
23117157
23117521
23121320
23123141
23123406
23123681
23124385
23124612
23124719
23125108
23127106
23127893
23128970
23131524
23133117
23136408
23137334
23137805
23137935
23137946
23138047
23142223
23142279
23142493
23146254
23149023
23149036
23149380
23151171
23152624
23153796
23153967
23154094
23157635
23158719
23160811
23162047
23163415
23164479
23164731
23164813
23166292
23171614
23177399
23178904
23178958
23179063
23180082
23180753
23183637
23186918
23192417
23193658
23194815
23196924
23199565
23199762
23200084
23200679
23201364
23206530
23207513
23211960
23211991
23212342
23212454
23219044
23219471
23221817
23221862
23227137
23227458
23230345
23231419
23232145
23233279
23233610
23238964
23241648
23242769
23242968
23246777
23247191
23247847
23249350
23253092
23255241
23257054
23260615
23262174
23263997
23265001
23265093
23271611
23277140
23279179
23281202
23283330
23286048
23286051
23286053
23286054
23286133
23286303
23287569
23288324
23288620
23288627
23290495
23295390
23296183
23297860
23298747
23303919
23306014
23312790
23313420
23313421
23313569
23314012
23314416
23316956
23317841
23319043
23325639
23327934
23328350
23329700
23332807
23333262
23333263
23333416
23333417
23333840
23344784
23347557
23353029
23357076
23357111
23357203
23357375
23357820
23359661
23360977
23361612
23363413
23363687
23364872
23366178
23366379
23366380
23366980
23367134
23367359
23370512
23378272
23380167
23382516
23384193
23385202
23385293
23387510
23387751
23392179
23393789
23394712
23395194
23395830
23395849
23399811
23399945
23400798
23404883
23407841
23409709
23410736
23412603
23412899
23417778
23418003
23418123
23421677
23422254
23422330
23422370
23423920
23425890
23425892
23427116
23433223
23435209
23435215
23441633
23445167
23446285
23447373
23448522
23452684
23453674
23454569
23458438
23458923
23463340
23463373
23465967
23466832
23468090
23468100
23470488
23470982
23473547
23474013
23474015
23474999
23477296
23477721
23477839
23478202
23479459
23480811
23482622
23482793
23484869
23486950
23488661
23489416
23492924
23495230
23507376
23507379
23507383
23510545
23511822
23511846
23512939
23514929
23514930
23515341
23516306
23520599
23523803
23523811
23524011
23527652
23529079
23530810
23531741
23532550
23535789
23537530
23537937
23543193
23544033
23544412
23545112
23545149
23545472
23548150
23548794
23551272
23551805
23552079
23557757
23558095
23558102
23563324
23563751
23563963
23564316
23565935
23567890
23568269
23568365
23568448
23571279
23573872
23576237
23578167
23579331
23579978
23581683
23583251
23583357
23583747
23584173
23584670
23585513
23586454
23586531
23586661
23587636
23591071
23591131
23591255
23593982
23597109
23600935
23603446
23603831
23607410
23608814
23611156
23611334
23611864
23613020
23617618
23618495
23620601
23624171
23624491
23624819
23627641
23631988
23631993
23637175
23640112
23642468
23642802
23644003
23644313
23644348
23645721
23647514
23647558
23648277
23651705
23652421
23654223
23656706
23658903
23660437
23660680
23660743
23660778
23660970
23663382
23664823
23664954
23666264
23668969
23670989
23671197
23671986
23678117
23679098
23681167
23682662
23682664
23684849
23684866
23684873
23684875
23684877
23689388
23693086
23695814
23698075
23700105
23701693
23705755
23707580
23707592
23708634
23711773
23712666
23716712
23718620
23719798
23721725
23726779
23727317
23727320
23727467
23727827
23729929
23732338
23735260
23738869
23738883
23739982
23741040
23742544
23742932
23743331
23746613
23747286
23747332
23747456
23747458
23747961
23749875
23751153
23752131
23753186
23756081
23756137
23760982
23761430
23764381
23764406
23765516
23768913
23769703
23770538
23771986
23772336
23773427
23773675
23774397
23777173
23777938
23778236
23778975
23782777
23787040
23788510
23790741
23792788
23792984
23793722
23793982
23794107
23795233
23796945
23798414
23799488
23800705
23801242
23801405
23803298
23804092
23805999
23809145
23809369
23812777
23814604
23815247
23816061
23817894
23818013
23820976
23823155
23828159
23830545
23831279
23831413
23831528
23831601
23832422
23832681
23832746
23835101
23835204
23836423
23837964
23841967
23842709
23843266
23844819
23845427
23849992
23850398
23851677
23852365
23853032
23856280
23859387
23859480
23859643
23859959
23860750
23861215
23864686
23867077
23869862
23870158
23870836
23872198
23873183
23873674
23876114
23876323
23876324
23880289
23881005
23881623
23881906
23882453
23884951
23885740
23887984
23891400
23891965
23892109
23896183
23897623
23899724
23906265
23909003
23911256
23911258
23911353
23911778
23911835
23912223
23913733
23913754
23913818
23914845
23916249
23916537
23920009
23920149
23920695
23921102
23928090
23928295
23930595
23932879
23933055
23933470
23933482
23934234
23934630
23937453
23937691
23938592
23939822
23944121
23945203
23946416
23948629
23949205
23958947
23960206
23962356
23962468
23962956
23962957
23964595
23964603
23965000
23965014
23965119
23965121
23965122
23968177
23968208
23968211
23968821
23969000
23969195
23973363
23973765
23978654
23982186
23982946
23984890
23984988
23988334
23993362
23993406
23993991
23994316
23996748
23998951
23999996
24001313
24001457
24009278
24012546
24014176
24016382
24018024
24018304
24021836
24021958
24025925
24027137
24028885
24029620
24029652
24029682
24033438
24036319
24038570
24041317
24043402
24047337
24047380
24047386
24047390
24049739
24051234
24051602
24051925
24054425
24055504
24055506
24056110
24056237
24061496
24064071
24064072
24064075
24064460
24065623
24068814
24070060
24070545
24070614
24071526
24071913
24076099
24076224
24077642
24078018
24080400
24080994
24084128
24084831
24089404
24090512
24090774
24090819
24097810
24099835
24099842
24103657
24104726
24107763
24107952
24108799
24110132
24110224
24110266
24110344
24110693
24111111
24111113
24111237
24111300
24117474
24119150
24120612
24121027
24121087
24121137
24122137
24122991
24123508
24124027
24129199
24135221
24135773
24142432
24144246
24144339
24144510
24148027
24148273
24148720
24148912
24150105
24152545
24155295
24155301
24155318
24155321
24161536
24162516
24168381
24171732
24174207
24176651
24176981
24183466
24183567
24184576
24191059
24192754
24194577
24200205
24201011
24209777
24210442
24211410
24211982
24212504
24217067
24221921
24222405
24222759
24234183
24234804
24235292
24236354
24238843
24239093
24240987
24243441
24243552
24247004
24247250
24256746
24259567
24259581
24262200
24262681
24262800
24267664
24268546
24268934
24269575
24269802
24269938
24273335
24275006
24275075
24277511
24280637
24290464
24290728
24291524
24293161
24294351
24295635
24296366
24296894
24297329
24297675
24298194
24301987
24302696
24305832
24307490
24307677
24308559
24313336
24314147
24315838
24316549
24319305
24320519
24321306
24322820
24329128
24331265
24332890
24338845
24345389
24345533
24345673
24347363
24351296
24352377
24354514
24357070
24357099
24357570
24359488
24359877
24359970
24365484
24365486
24366558
24366757
24368264
24368777
24370468
24370569
24371094
24371128
24373804
24373986
24374054
24375898
24380042
24381231
24384153
24387823
24389047
24389161
24389422
24389439
24390655
24394347
24396008
24402653
24403137
24403280
24407914
24412649
24412799
24414278
24417550
24417611
24418507
24420764
24421409
24424423
24424576
24431447
24431451
24434074
24434600
24438492
24440751
24443693
24444739
24445408
24446548
24447598
24451660
24453107
24453176
24457067
24464941
24468407
24468408
24468409
24469099
24471481
24472622
24473101
24475817
24478354
24482092
24485466
24486613
24486981
24487017
24491458
24491951
24492661
24493836
24495089
24495660
24501382
24502937
24505676
24505812
24505814
24507118
24508744
24509088
24512799
24513232
24513387
24522972
24523255
24524705
24526181
24526187
24526804
24528168
24530294
24530436
24531048
24532392
24532997
24533988
24534814
24549705
24553150
24553284
24553940
24557502
24560581
24561922
24562822
24562867
24570013
24573279
24575774
24575849
24578016
24578196
24581734
24582905
24582920
24583040
24583254
24583653
24585739
24591523
24593696
24593796
24595339
24595922
24602827
24606178
24606324
24607883
24612926
24613447
24613940
24614643
24615858
24617815
24619536
24619790
24621494
24629510
24631963
24633631
24633738
24639328
24639383
24639411
24642287
24642381
24642422
24647939
24648366
24652346
24656506
24657305
24657778
24657876
24659134
24659678
24661456
24661911
24662576
24664509
24671338
24672000
24672002
24675159
24675649
24675869
24677151
24677429
24679850
24681435
24682187
24683964
24683989
24690243
24692121
24692319
24695275
24695711
24695720
24699035
24704944
24704947
24705200
24705568
24709370
24710161
24710652
24714209
24721006
24725071
24725141
24726752
24729034
24729172
24734884
24736173
24736181
24736936
24737115
24738536
24742227
24742920
24744200
24745955
24745956
24746497
24753083
24760360
24760847
24760946
24760977
24762196
24766069
24767950
24768148
24772453
24773099
24773415
24777386
24780786
24785009
24794802
24794918
24796646
24801219
24804953
24807470
24807817
24809277
24809810
24810401
24810870
24811608
24814210
24814910
24821530
24828546
24828642
24830839
24834973
24837105
24837443
24837705
24841112
24845600
24847113
24848466
24848477
24856460
24856553
24856561
24857826
24858066
24859803
24862389
24862983
24867353
24867610
24867864
24869631
24874884
24875143
24875691
24875939
24882568
24890842
24890898
24893344
24893737
24893907
24895735
24898924
24899722
24899946
24903708
24904075
24907446
24907484
24907485
24910070
24910321
24911376
24912028
24912070
24914059
24916094
24918525
24920613
24925698
24929553
24929635
24931140
24935778
24936549
24937269
24938422
24942498
24946314
24947462
24948034
24948157
24953512
24954512
24954834
24955920
24958241
24960045
24960047
24961944
24962992
24963641
24968573
24969050
24969539
24971708
24971826
24973255
24973756
24976498
24976929
24982140
24982822
24986218
24986714
24989406
24990921
24994547
24996119
24996404
24999040
24999661
25000313
25000498
25000524
25001038
25008350
25009315
25010371
25012094
25012096
25012415
25014407
25014614
25015401
25017050
25031254
25032494
25035298
25036008
25037283
25037525
25037555
25037922
25038426
25038438
25039124
25040580
25040779
25042764
25043494
25044370
25045065
25052708
25054061
25055809
25059532
25064666
25065602
25065732
25066091
25066449
25066663
25067812
25073167
25075083
25075776
25080601
25082062
25085721
25085883
25086547
25086555
25087482
25088392
25092525
25092900
25093540
25096286
25098351
25100166
25100590
25101864
25104195
25106072
25107615
25111033
25111444
25111471
25114070
25119145
25119874
25123110
25127927
25129023
25129599
25130561
25138546
25139308
25139625
25143600
25146374
25150553
25151425
25156697
25158673
25160043
25164120
25164357
25164675
25165065
25171805
25172183
25172207
25173413
25174680
25178438
25178986
25180304
25181448
25182478
25182664
25183168
25183212
25186392
25192244
25193358
25193949
25194208
25194587
25196509
25204866
25205006
25205659
25205663
25206932
25210055
25211629
25218099
25219259
25220389
25222292
25223606
25223844
25225001
25227004
25227006
25232884
25234120
25240323
25241043
25243988
25243993
25244436
25245303
25246047
25246146
25247627
25248430
25249057
25249170
25249406
25250207
25251019
25252868
25253050
25253845
25257103
25258307
25260799
25261001
25264353
25265249
25265551
25267816
25269517
25270364
25271132
25274897
25277236
25279725
25281280
25284302
25284303
25285453
25287687
25289490
25290886
25292268
25292351
25294782
25296367
25296614
25298010
25301551
25303889
25305700
25307619
25308249
25308823
25312831
25313657
25315785
25316238
25319706
25320515
25322264
25326039
25327308
25327879
25331606
25335914
25336321
25338631
25338757
25339740
25339755
25344629
25352455
25354093
25354135
25355487
25358714
25359589
25359694
25365936
25366500
25374354
25378154
25382193
25382787
25383262
25384054
25385213
25388082
25390185
25392519
25393934
25397622
25400047
25400292
25409934
25411150
25413417
25413551
25413603
25416740
25418860
25420254
25426823
25428212
25438304
25439177
25440340
25441501
25443857
25444089
25444164
25444535
25445055
25445057
25445239
25445775
25445778
25445785
25445839
25446003
25446365
25446951
25446966
25446970
25449160
25449530
25449743
25449746
25450109
25450147
25451389
25451474
25453165
25453990
25455344
25455744
25456520
25457931
25458029
25458308
25461711
25461916
25462037
25463450
25463464
25463821
25464758
25464916
25464921
25466258
25467303
25468144
25468173
25469481
25472845
25476415
25477246
25477367
25480839
25480912
25481413
25481542
25483401
25485375
25485712
25485743
25485789
25487911
25488206
25496329
25496871
25497398
25497690
25498951
25499132
25500359
25504834
25504964
25506108
25506752
25514112
25514334
25515329
25515348
25519454
25526821
25527206
25528436
25529014
25530824
25531502
25532443
25532865
25534114
25536499
25538009
25541862
25542533
25546484
25547320
25552571
25555505
25556425
25557318
25560201
25560298
25570124
25570125
25570385
25570386
25570387
25571467
25571531
25575449
25575881
25577575
25581237
25583615
25585276
25586959
25589757
25591421
25591595
25592958
25592995
25592998
25595500
25595984
25597655
25598397
25599972
25599979
25601007
25601237
25605923
25609611
25609637
25613405
25614233
25619848
25619989
25620492
25620606
25622772
25623396
25623843
25623847
25630223
25633017
25637357
25637472
25637804
25641572
25644421
25646442
25646497
25646795
25648842
25649655
25650106
25650552
25652023
25652048
25655120
25655559
25655608
25655909
25656317
25658632
25658635
25659234
25659477
25662837
25664702
25664956
25670029
25670645
25675392
25682348
25683798
25684065
25684726
25687593
25687596
25689679
25695644
25696517
25698758
25703620
25707397
25708324
25708866
25708908
25710832
25711502
25713810
25716308
25716841
25716844
25716853
25721269
25724321
25731128
25731754
25731903
25731995
25731996
25740505
25741734
25743045
25748228
25748306
25750690
25754658
25757996
25766483
25766839
25767034
25768002
25769376
25769901
25770991
25771712
25773611
25773994
25786598
25792898
25794263
25796300
25832914
25833968
25835427
25835556
25841712
25853627
25854932
25869157
25890144
25901776
25904826
25915553
25928680
25932663
25961587
25961589
25961591
25966573
25984554
25997918
26023254
26024465
26052560
26059389
26139954
26157973
26157983
26160982
26165002
26165305
26167546
26218510
26236069
26238813
26262132
26271497
26302473
26304244
26305064
26357911
26366052
26378725
26402006
26410528
26431738
26484697
26516631
26550318
26561044
26581388
26684070
26684072
26736635
26770429
26784290
26787633
26881188
26885034
26952804
26989800
26989921
27156660
27156725
27157232
27157669
27157707
27158013
27158109
28360576
28519045
28519634
28519978
28519993
28539763
29200591
29367796
30533112
30713779
30754124
31051761
31423042
33169038
8978389
8987760
8988735
9014457
9015070
9016218
9024188
9038285
9050403
9050960
9055803
9056277
9059757
9059758
9064629
9070601
9076641
9080429
9080445
9080448
9086469
9088881
9088971
9096152
9099520
9101323
9103996
9106749
9107663
9109891
9110329
9112586
9114082
9119907
9121583
9121584
9126062
9126402
9129189
9138041
9141052
9151747
9153482
9153522
9153677
9169548
9175095
9175125
9175130
9175134
9175896
9177249
9177951
9182959
9183338
9184888
9186043
9187292
9189915
9192679
9194135
9212281
9212720
9213686
9214503
9220220
9223090
9223094
9234470
9236697
9237433
9238495
9243644
9249955
9256370
9259453
9261575
9262998
9268812
9280681
9283100
9285718
9295098
9298400
9305814
9322400
9328254
9331920
9339439
9339448
9339452
9342097
9343992
9344822
9345549
9347486
9348545
9349315
9349676
9351656
9368123
9368932
9368935
9373799
9389586
9391021
9391022
9394230
9396944
9397427
9401596
9408041
9413882
9416644
9417973
9419036
9425182
9427311
9427353
9430342
9430503
9440828
9443056
9447498
9448244
9448258
9448576
9448773
9453855
9455178
9462459
9463874
9465008
9469157
9470127
9481762
9485067
9491989
9494412
9500833
9501235
9507970
9508267
9510217
9510380
9510384
9510387
9512397
9520553
9529946
9533143
9535981
9538909
9546493
9547077
9549687
9556942
9559925
9559944
9561986
9566374
9571103
9572503
9576541
9576825
9579955
9582242
9585356
9591574
9593941
9593960
9596341
9597657
9597658
9601664
9602663
9605668
9607516
9618570
9618746
9620697
9621969
9626672
9626674
9626713
9630142
9631470
9634568
9635207
9637279
9646874
9651128
9651614
9655492
9655624
9665622
9673660
9673662
9673663
9673671
9674567
9674576
9676437
9679777
9681588
9686785
9696384
9697863
9698191
9698571
9699694
9701351
9702707
9704261
9704268
9710022
9711703
9711754
9712582
9712683
9721927
9735432
9736662
9736764
9740756
9740757
9744957
9747607
9749748
9749754
9749761
9754116
9754438
9754701
9757340
9758738
9760136
9761587
9763386
9769027
9770222
9772107
9774166
9777284
9777480
9778189
9779715
9788075
9789725
9794011
9796318
9798071
9799347
9799627
9800236
9800714
9801380
9805319
9805320
9810479
9811554
9811557
9813403
9814782
9819271
9822099
9822874
9823480
9827774
9831165
9831471
9831743
9843238
9849722
9851491
9858007
9858384
9863701
9867232
9868706
9869705
9870415
9875541
9880046
9882087
9882089
9882090
9883733
9888394
9888404
9916518
9918733
9920476
9922086
9926099
9927549
9929652
9931622
9932121
9933352
9949819
9950063
9950068
9950069
9950711
9950716
9950717
9951219
9952263
9989433
9989556
