12427681
21073958
11054915
15543553
18344174
24221533
8736565
23209583
15470553
15130588
23448868
20183185
15852469
12589886
19549622
10601743
15505971
19505444
11697945
11034863
16769743
10601743
14659499
15808984
21463696
10903207
22565203
11671913
18835075
18996100
16512999
17822681
11880658
22483742
15907312
11034858
15178381
11516443
11502262
12843299
9175134
15165354
19523967
17851092
10725932
18642473
20483908
11026450
23994216
18429245
15098721
21584904
12589885
14754778
18279364
10320379
19027075
16413795
15094802
19003497
10678698
12803967
12061757
15722210
18760263
11950765
18596607
18291350
12873752
12875920
14741309
23372641
12722972
17027779
10769309
15006652
20570684
16952916
14561442
17320049
10988030
14622587
17627851
19617569
18614038
21782157
9665648
16010908
18095280
10931772
17381255
19656506
18240326
20112243
17904384
12112763
18835284
21616086
12753963
24305826
24179748
15528119
11832233
11050024
20837067
15627602
15753243
9630492
16417683
16806311
21982934
19320546
18052787
23522878
19683063
10790322
18022606
22328466
19406903
20677377
16731515
11162272
18406434
23883107
23555020
24161281
17292628