10527065
11133312
11595100
11773433
11906219
11906224
15013828
15190354
15615089
15758048
15772354
15882649
15901409
16275018
16839292
17007234
17050709
17140674
17267613
17460071
17676057
18367612
18832559
19144587
19176813
19184997
19341805
19403795
19406906
19545578
19552309
19843618
20105435
20236568
20357688
20382629
20805539
20956614
21097307
21562201
21693490
21715632
21761686
21840129
21841202
21861675
22021252
22223079
22575329
22717205
23094592
23365241
23416451
23516304
23804108
23805999
23806137
23806174
23983029
23986267
24018008
24148027
24188368
24702449
24813149
24984958
25044747
25205006
25670029
25988224
26055632
26223291
26359751
26488590
26510167
26722848
27054437
27273474
27445213
27612435
27663021
28637289
28789578
28809668
28874449
28949286
29058357
29107769
29431647
29616472
29852777
30240509
30578340
30734849
8748865
8961762
