10604082
10931578
10948773
11117499
11169873
11284990
11922877
12102139
12160756
12238608
12456913
12507946
12591634
14528412
14594740
14673807
14675800
14980560
15006682
15117397
15257156
15275919
15312809
15538191
15569896
15589099
15701226
15722208
15802598
15820239
15928068
16059980
16092131
16265797
16272875
16284946
16341023
16514105
16525130
16531689
16531690
16623851
16754834
17023184
17113931
17375135
17583996
17617989
17686467
17885610
18094859
18254546
18255038
18329290
18383301
18399040
18439412
18476760
18498743
18509370
18559294
18579347
18595985
18633801
18635342
18666103
18666116
18771508
18787229
19103296
19159636
19174537
19320552
19321316
19413481
19429173
19433790
19451625
19521264
19593045
19680634
19684560
19720089
19883771
19884226
19963903
20182511
20302945
20347995
20420767
20437601
20472077
20493954
20615982
20621407
20621638
20631188
20666593
20673803
20802090
20804370
20810879
20843875
20936298
20972667
21208991
21293940
21320983
21467049
21470595
21477619
21501165
21507385
21549767
21555080
21606659
21674615
21693089
21783177
21840129
21890212
21943083
21961777
22021653
22037687
22071630
22079451
22123457
22126260
22198972
22230948
22387166
22419119
22493264
22507228
22549209
22638012
22652538
22677148
22681317
22698763
22732507
22797274
22807481
22842906
22868937
22892422
22902992
22910372
22914649
22940284
22956669
22975194
22982585
23097247
23106177
23126219
23136406
23163952
23202661
23223206
23238040
23281129
23319042
23327933
23407275
23426687
23440313
23453164
23489415
23536076
23538912
23576237
23602885
23777332
23784668
23810622
23868876
23911778
24044427
24064075
24107952
24111237
24277856
24298171
24315700
24321307
24396002
24486563
24493836
24563529
24582919
24591599
24635646
24661170
24682131
24734297
24752071
24795443
24811608
24825503
24886004
24912146
24920379
24945662
24948156
25008959
25046845
25065732
25082823
25094043
25242726
25297695
25326039
25372925
25416642
25552572
25644657
25716841
26013303
26070266
26096080
26166191
26178189
26203050
26310381
26334650
26336909
26359751
26377462
26384961
26386518
26390194
26403292
26431897
26443298
26608776
26609107
26680151
26684072
26690807
26707190
26722017
26743997
26763141
26786152
26854902
26858213
26867078
26892860
26982874
26991386
27000301
27002910
27015724
27020140
27032568
27109897
27122026
27150924
27194340
27295078
27295200
27295401
27364606
27513806
27531387
27605616
27632555
27645501
27677619
27683452
27720744
27728997
27866269
27936814
27993532
28110105
28111188
28130005
28163097
28234207
28254510
28285241
28333484
28388867
28401835
28401836
28401845
28437659
28465046
28525960
28548263
28580708
28610744
28697998
28712948
28820016
28833940
28869354
28960172
29040494
29078366
29094774
29110570
29115686
29154589
29173308
29190332
29221833
29226484
29246489
29251949
29306056
29316485
29344686
29397562
29414129
29455946
29460351
29486321
29529405
29535043
29547816
29548807
29619759
29649797
29674194
29698054
29727768
29735557
29846310
29897026
29947610
29949456
29950316
29953942
30031933
30038007
30102429
30144336
30152573
30153469
30167644
30259698
30292808
30346407
30357662
30484373
30528586
30553572
30581042
30597677
30633429
30688485
30688832
30735285
30739061
30756349
30784353
30811613
30871971
30877054
30882909
30890024
30900798
30957359
31015068
31055646
31066992
31077842
31094211
31094654
31106452
31233906
31241496
31254598
31287922
31310906
31326509
31349014
31365285
31414860
31471679
31487478
31489723
31518935
31589298
31655968
31687920
31714192
31715256
31743804
31756407
31784119
31835079
31843658
31951084
31954737
32030842
32081615
8897359
9345507
9400854
9559944
