10420997
10643727
10769312
10780634
11133309
11407441
11435947
11438601
11859197
12003859
12645681
12814380
12943324
12944506
12948688
1362615
13679414
14511532
14762135
15165351
15502603
15668720
15709808
1609867
16180620
16197690
16323251
16452666
16492400
16513004
16794461
17065463
17105480
17133383
17133402
17159818
17243354
17329473
17963797
18178571
18385328
18589507
18829595
19005068
19046396
19163753
8047629
8238641
8318176
8472665
8691239
8931588
9110329
9437772
9448373
9464207
9476949
9510382
9703164
9740757
