10717898
11756013
12495527
12634489
15854790
15880108
15997014
16039604
16125458
16180622
16249098
16249100
16388969
16624961
16938092
17079679
18180761
18345992
18452757
18544183
18580874
18587392
18606038
18817740
19101126
19142768
19171889
19188539
19230621
19246323
19398537
19478067
19486944
19589502
19596037
19755202
19783103
19945471
19959343
19969089
20007241
20045475
20112261
20123031
20123913
20127871
20141305
20141309
20390600
20537612
20569645
20674090
20677866
20832448
20869375
20923694
20934190
21071182
21106812
21138751
21246665
21296865
21354262
21432689
21464361
21516545
21540080
21546094
21590316
21609969
21712804
21782901
21867991
21907809
21998031
22015853
22027088
22056201
22115148
22147775
22189289
22200654
22217960
22262538
22313617
22369232
22396079
22401827
22422803
22483075
22517323
22519864
22586252
22592057
22634856
22781311
22842815
22858151
22880630
22901627
22905826
22945621
22978709
22980587
23035965
23070746
23074972
23146247
23223803
23270876
23313419
23318128
23319314
23348009
23364872
23381548
23398586
23473554
23482626
23552182
23563850
23570916
23590840
23689018
23732841
23747981
23768862
23770414
23777332
23790741
23827226
23827769
23880959
23887812
23945981
23959199
23981357
23988760
24019460
24039023
24064198
24096027
24119861
24135432
24173657
24229474
24234836
24241476
24270731
24275797
24290886
24336349
24361542
24440597
24468022
24493837
24532549
24589068
24594871
24603021
24658081
24661162
24713451
24737710
24745476
24797333
24853295
24938878
25038629
25044747
25046244
25062597
25128588
25151338
25156399
25193002
25223844
25329241
25376429
25380765
25413183
25422962
25422963
25425031
25447334
25457931
25462895
25482858
25533974
25571419
25630572
25715271
25827959
25829106
25858294
25869157
25906795
25939653
25959594
25964502
25971599
25997918
26001666
26010458
26011391
26027740
26078386
26111649
26112339
26124129
26166623
26205176
26231122
26299297
26299299
26346640
26435254
26455808
26481674
26485059
26535947
26589772
26692636
26711488
26769550
26773671
26784537
26804333
26821063
26833918
26908926
26936075
26945530
26996601
27001211
27033686
27086251
27109356
27129440
27177299
27200505
27217106
27217113
27317928
27377788
27379614
27392071
27444935
27445208
27447790
27524285
27622993
27647695
27770743
27814960
27819447
27838143
28057531
28086128
28104573
28126372
28129555
28130745
28135845
28161309
28205606
28232170
28236738
28262184
28264983
28290265
28294462
28315125
28388995
28412558
28415008
28457805
28579154
28583387
28701109
28715908
28737296
28803557
28843088
28866781
28916500
28960669
28983519
29128142
29154365
29154589
29174743
29309499
29309953
29339309
29378280
29397562
29413143
29454977
29496127
29524918
29622050
29667267
29689500
29741803
29778804
29781643
29803001
29859220
29882728
29909301
29935441
29990584
30008118
30058519
30071419
30095582
30119840
30119874
30145207
30145507
30243957
30245249
30266022
30268936
30274684
30287300
30291441
30321093
30359065
30391563
30394252
30530040
30570314
30699438
30704974
30711854
30739618
30744720
30780118
30813750
30897955
30952600
30964611
30979647
31056820
31060042
31073964
31254647
31292066
31303261
31394491
31400532
31455572
31464495
31476764
31491521
31679906
31702089
31769368
31891860
31911320
31926904
