17488204
20041475
27177109
30699438
31234864
42620300
10395332
10569543
10717898
11013373
11280935
11511909
11972095
12191458
12495527
12634489
14595651
14766646
15459077
15570506
1561334
15863793
15997014
16180622
16201122
16245070
16585452
16938092
17062771
17069484
17151993
17459179
17471288
17536969
17566201
17580660
1763684
17690869
18076530
18085868
18281886
18323752
18345992
18388734
18580874
18589506
18606038
18726967
18925717
19218873
19246323
19564769
19624389
19735480
19739909
19899828
19995843
20112261
20141309
20652311
20726753
20819990
20820793
20950283
21196949
21315749
21373973
21464361
21516545
21577214
21666130
21939610
22250442
22262538
22369232
22396079
22500698
22617632
22880630
23074972
23118193
23317795
23318128
23364872
23381548
23385487
23473554
23553468
23777332
23880959
23943190
23960247
23981357
24229474
24234836
24275797
24589068
24615897
24661162
25046244
25204866
25223844
25352166
25357006
25486718
25571419
25855888
25856740
25860658
25903500
25945779
25959039
26168376
26679192
26886102
26889898
26936075
26989966
27200505
27362389
27447790
27570951
27611586
27715496
27819447
27893013
27991185
27997290
28045309
28130745
28177183
28238701
28347360
28401835
28478685
28644924
28701109
28825953
28866781
28901577
28905640
28925716
28975416
28981646
28992395
29019036
29154589
29166323
29214483
29294627
29397562
29882728
29934780
30058519
30058761
30073554
30095582
30111185
30167865
30169711
30570314
30739618
30744720
30813750
30877468
30877469
30880661
30897955
31073964
31115861
31123971
31250445
31328716
31397551
31441517
31591898
31673773
31728624
31858436
31888419
31910918
31926178
31951909
32007831
32034069
32056768
32058243
32065988
32106690
32119912
32163323
32223765
32253102
32276238
32278278
32331823
32335266
32354687
32361944
32365424
32366351
32380512
32446706
32456730
32470339
32513391
32521570
32585578
32662417
32697703
32698931
32710334
32739707
32745598
32748315
32791350
32799058
32833477
32889511
32961541
32976888
33000367
33001526
33002730
33053385
33069319
33105441
33120205
33137406
33137695
33161905
33187688
33202338
33229248
33357631
33369067
33403669
33403701
33432545
33432670
33440326
33452675
33485961
33495547
33541848
33545616
33601737
33610811
33621914
33634921
33652143
33675742
33684426
33706021
33744320
33782511
33793010
33834396
33834405
33838093
33894554
33896694
33973138
33983665
34058174
34128217
34140047
34147709
34147934
34166951
34213860
34254391
34254527
34273656
34287622
34291820
34319369
34341966
34365995
34369703
34375724
34383330
34537601
34547400
34591511
34600250
34600288
34637954
34642754
34657474
34673383
34718807
34774878
34808702
34813971
34859628
34892579
34920037
34929347
34937602
34969868
35000866
35038479
35079864
35085668
35174863
35193926
35213077
35287133
35290819
35296415
35378340
35410907
35444255
35478218
35485921
35513910
35550452
35569572
35569619
35862107
35878837
35930892
35970340
35981598
36006583
36030316
36043367
36067901
36089075
36089824
36096483
36109422
36152733
36162656
36206590
36229596
36238204
36371815
36384679
36455022
36460612
36469978
36523140
36567086
36577236
36577733
36584501
36587910
36610254
36623419
36747998
36780940
36796601
36843348
36920221
37010225
37062361
37137210
37209060
37227866
37263126
37267049
37338770
37348804
37427670
37499299
37586444
37647878
37666184
37673391
37917447
37921013
37924935
37924961
37979818
37990390
38007890
38097055
38131344
38135803
38179683
38184159
38216523
38349069
38402375
38453467
38460580
38460581
38479517
38484883
38520362
38531160
38554620
38631553
38641208
38642117
38698448
38705507
38714144
38735262
38775085
38823204
38851125
38924828
38925415
38944296
38953742
39002638
39038607
39103671
39121707
39142575
39142579
39173921
39182724
39197491
39269599
39278196
39293740
39389909
39412453
39413528
39427577
39495963
39509236
39521066
39551190
39555250
39578982
39635455
39635773
39701470
39752812
39814264
39821692
39855474
39901693
39952302
39986575
40030198
40036938
40058459
40058640
40081594
40107499
40163411
40181192
40185407
40203489
40205839
40220455
40279980
40288751
40289641
40325978
40334867
40345443
40393570
40459689
40484362
40489936
40572044
40601441
40609170
40633731
40663647
40701113
40721133
40818358
40854341
40854376
40873048
40885486
40897111
40897293
40921787
40935309
40965449
40967752
40987241
40998027
41094713
41106645
41107198
41143838
41176249
41186436
41218741
41220056
41224014
41224023
41297681
41318087
41358909
41453664
41453667
41475326
41476431
41494542
41581546
41587694
41620854
41763063
41781796
41786020
41802588
41810935
41819432
41833818
41861620
41863265
41865717
41881114
41903472
41913094
41941945
41945846
41962667
41986925
42003122
42010750
42010820
42035805
42048170
42055121
42092704
42107618
42108273
42217637
42219041
42237782
42274850
42334134
42364661
42373036
42374317
42385998
42386104
42398673
42413626
42425188
42425478
42431140
42432162
42435110
42437575
42454526
42463794
42534060
42576119
42580208
42612566
42624398
42657624
42693572
7570155
7964806
8099824
8466744
8893715
8934020
9091599
9457271
