10025619
10027301
10088898
10094159
10094160
10196573
10196592
10202574
10204545
10332877
10336657
10363949
10380952
10389090
10398975
10402198
10430951
10436317
10440954
10448223
10448224
10478709
10480664
10493901
10493902
10524624
10534240
10542344
10549802
10554993
10559412
10574380
10600413
10601744
10604082
10617288
10619411
10619639
10632617
10649576
10659091
10659849
10678834
10679186
10680766
10683827
10688157
10701752
10703049
10725387
10746606
10753975
10761647
10768694
10802787
10808134
10812035
10895512
10908192
10923664
10923682
10931578
10932271
10939170
10943724
10944408
10948773
10976426
10978701
10978706
10980029
10980034
10985287
10988031
10993455
10997451
11007729
11054914
11054916
11062324
11074084
11096335
11097974
11098794
11102809
11104844
11117499
11133312
11145463
11157567
11162757
11163281
11168545
11169873
11177421
11198706
11209518
11209954
11209962
11232912
11234742
11239901
11241871
11248106
11249801
11259662
11264319
11275483
11276236
11276237
11284046
11284990
11285015
11287379
11295344
11304074
11305900
11310914
11333370
11346796
11352610
11352614
11352615
11352616
11353732
11369947
11371316
11373131
11373135
11373141
11388421
11389943
11408051
11409720
11427312
11430815
11433786
11438601
11440800
11445639
11459880
11459906
11467919
11477432
11489739
11493699
11496145
11501733
11506643
11506646
11517272
11522586
11522964
11525326
11525336
11532726
11553776
11559958
11567623
11571222
11577229
11577239
11587889
11587892
11587893
11600889
11604609
11673327
11677066
11677399
11695953
11697929
11697938
11697942
11697945
11702871
11704071
11709163
11709486
11738037
11739265
11756667
11771975
11771981
11783407
11784442
11792407
11798272
11811665
11844264
11848716
11856537
11867247
11879658
11904454
11906217
11906238
11922877
11929574
11930129
11942492
11950653
11956941
11969322
11969327
11969334
11970809
11983183
11997687
11997747
11999890
12004194
12009261
12030833
12042184
12043845
12050089
12063136
12065841
12093602
12099486
12102139
12112762
12112771
12123569
12130784
12135962
12135971
12139777
12147314
12151781
12151803
12160756
12165379
12167262
12169250
12169251
12177449
12181004
12191458
12191459
12202076
12202079
12202103
12208011
12223572
12238608
12354404
12377133
12377159
12377163
12379608
12388609
12395111
12395389
12401549
12414262
12414275
12414298
12417678
12417991
12428121
12438467
12438918
12450947
12452585
12456913
12457759
12459213
12459214
12464460
12467124
12477696
12477708
12477938
12482074
12482078
12482086
12486175
12486176
12486265
12498747
12498962
12499413
12499485
12505803
12507445
12507454
12507690
12507946
12518293
12527103
12529451
12531463
12538399
12543980
12558574
12559151
12559655
12566286
12566287
12590843
12591634
12595178
12595181
12595185
12595190
12595193
12598634
12599272
12611944
12619902
12628176
12633462
12634489
12644354
12644355
12649315
12657885
12662974
12667523
12667843
12667852
12667853
12668253
12678633
12679298
12682281
12699857
12702705
12708533
12711934
12713652
12714175
12716951
12729493
12738003
12738341
12740580
12742672
12757885
12757912
12777344
12803968
12805116
12805118
12814572
12816895
12817151
12821792
12823480
12824463
12832550
12832555
12836392
12836912
12853370
12865533
12867504
12873853
12874501
12876150
12880789
12880814
12880816
12880819
12880911
12888543
12890776
12894812
12899193
12899251
12902031
12912766
12916476
12925854
12944520
12946085
12948687
12948690
12948722
12953301
12953303
12955383
12962908
12967919
12967920
12971903
14504772
14505331
14511531
14511533
14527570
14527572
14527592
14527600
14527602
14527612
14528412
14531584
14551436
14561410
14561873
14568109
14568451
14568509
14578998
14580621
14584547
14584560
14594739
14594740
14600506
14615423
14618287
14625149
14628754
14628755
14642287
14642461
14642482
14642483
14642496
14645385
14652101
14654860
14656503
14659100
14659501
14662462
14663183
14669523
14673805
14673807
14674837
14675800
14680638
14683712
14699420
14700259
14704218
14706466
14725928
14725933
14736578
14741110
14741317
14741644
14741654
14741673
14741683
14755595
14766184
14766652
14976320
14980560
14980562
14980577
14980580
14990520
14992974
14993116
14998712
15000257
15003180
15006043
15006661
15006673
15006682
15013826
15013829
15016098
15016382
15025043
15025047
15025050
15031438
15034586
15044528
15046247
15050547
15050549
15050573
15054065
15054073
15064396
15066273
15076743
15077112
15084488
15090475
15091347
15094461
15099414
15110018
15110040
15110728
15110733
15111669
15115795
15117397
15130587
15130592
15158422
15162913
15165353
15165357
15166099
15166105
15177792
15178169
15182316
15182847
15183384
15183397
15184616
15187808
15187809
15188865
15188866
15192010
15193625
15193626
15193632
15194879
15196652
15200709
15201318
15201322
15210952
15219586
15232072
15232281
15240810
15246451
15257156
15268916
15275915
15275916
15275917
15275919
15275925
15275926
15288371
15294222
15295012
15298780
15298782
15312809
15312815
15315531
15318333
15319275
15322270
15325367
15325382
15325385
15325387
15325419
15335113
15351525
15351623
15351766
15372137
15372699
15449353
15451368
15453969
15460933
15477872
15484444
15488247
15488301
15494727
15500300
15501593
15509382
15511655
15511656
15512926
15513929
15513939
15519761
15528084
15531561
15535168
15537672
15538191
15546983
15548650
15556997
15557495
15560325
15563325
15567485
15569896
15572118
15578167
15579169
15588605
15589099
15589156
15592463
15592466
15593269
15597038
15599074
15601517
15601525
15601527
15601600
15601601
15602408
15602409
15603746
15607991
15616133
15618889
15622612
15625099
15627583
15627601
15640753
15642913
15652312
15652326
15653293
15657126
15659597
15660852
15664795
15665880
15670670
15670682
15670692
15670699
15670701
15670705
15671862
15677350
15679505
15691520
15691530
15699384
15700505
15701221
15701223
15701224
15701225
15701226
15701230
15701240
15703387
15704151
15705615
15706235
15718370
15718375
15721179
15721182
15721193
15721247
15721593
15722208
15728741
15734343
15734350
15734351
15734354
15734355
15734365
15741464
15746001
15746230
15746486
15753036
15753240
15753241
15761278
15771403
15777860
15780849
15784424
15784435
15799063
15800041
15800188
15802598
15808976
15811240
15811242
15814000
15814790
15817169
15817510
15817513
15817644
15820239
15820363
15820652
15826972
15826978
15831067
15849894
15849897
15850722
15850729
15850736
15850750
15852014
15852382
15852468
15854795
15860337
15860342
15869492
15882649
15884023
15886020
15895428
15901409
15901646
15906202
15907298
15907312
15907313
15907315
15917455
15919215
15921900
15921935
15922162
15926934
15927485
15928057
15928068
15929092
15930074
15935261
15936178
15939883
15947057
15949519
15955476
15955491
15955495
15955502
15958505
15958738
15961047
15961049
15961053
15961229
15964210
15966002
15973144
15973145
15974472
15978025
15978553
15978839
15978843
15992522
15993537
15993859
15997022
16000636
16005247
16006150
16009246
16009569
16012636
16018331
16023374
16023686
16025108
16027008
16027011
16027012
16033923
16039570
16043128
16045505
16046149
16049190
16054840
16056122
16059980
16080162
16081303
16085428
16087905
16091536
16092131
16092534
16096783
16102236
16102242
16102979
16112148
16112653
16125977
16129481
16129625
16134588
16136037
16136038
16137995
16138671
16139806
16140166
16140345
16140346
16145475
16154166
16154453
16157435
16162427
16166020
16176365
16177908
16180623
16180624
16180626
16180628
16181793
16189466
16189475
16192397
16195470
16197687
16197689
16199845
16216534
16221928
16226433
16226467
16226895
16229867
16243051
16249909
16251213
16251214
16256956
16257547
16265797
16269094
16269110
16269249
16271484
16272875
16275138
16275139
16275140
16275141
16284946
16284969
16286445
16290016
16290017
16290261
16292183
16292319
16292722
16298252
16301482
16301783
16303148
16305000
16306271
16306418
16307895
16315273
16316476
16322226
16325141
16325382
16326117
16327784
16330503
16337295
16337816
16339084
16339086
16339798
16340161
16340378
16341023
16356329
16360581
16360687
16364548
16368249
16373577
16376576
16377154
16380271
16387401
16398587
16401423
16401851
16406257
16406379
16407765
16411179
16414281
16415158
16420973
16421576
16427787
16446032
16452666
16453310
16456083
16459105
16460693
16460792
16460858
16460963
16462131
16462592
16466678
16473338
16475281
16476669
16480897
16481375
16487728
16487729
16487943
16488159
16490367
16492133
16492377
16495434
16497485
16497521
16503055
16506011
16507300
16508391
16510734
16513147
16514105
16516497
16520329
16525130
16530429
16531689
16531690
16540351
16543130
16544325
16544580
16545844
16545967
16546406
16565949
16565953
16567707
16600849
16600863
16603133
16603916
16616721
16623851
16623852
16627856
16628606
16630832
16630842
16633288
16635578
16648454
16648457
16670180
16675134
16679504
16683506
16687157
16696558
16701731
16704087
16704749
16707801
16708026
16716388
16716825
16718651
16729288
16730459
16735472
16738241
16738250
16741211
16753205
16753206
16754834
16754839
16757006
16757180
16764830
16768379
16769093
16769225
16770797
16779560
16782207
16798016
16806317
16806977
16814818
16818474
16828125
16829139
16837057
16837589
16839298
16839301
16844722
16846860
16850255
16859411
16859412
16859420
16860973
16870475
16870741
16879842
16883501
16891125
16892057
16896984
16905593
16908561
16914620
16919483
16932143
16932145
16934843
16935007
16938328
16942837
16943547
16949306
16949873
16950223
16952466
16956107
16956980
16959412
16963281
16978883
16979350
16979560
16988044
16989558
16997508
17007235
17012690
17019406
17023184
17027486
17030117
17032710
17032778
17042790
17053149
17056279
17060367
17064731
17069470
17069480
17069482
17069771
17070708
17071240
17077160
17079679
17088019
17089375
17092490
17094117
17095198
17097071
17097275
17113672
17113931
17113943
17122041
17123070
17124286
17126370
17126910
17129195
17133398
17134915
17136467
17137758
17139038
17141528
17147975
17149506
17150987
17157270
17159232
17161627
17163350
17164335
17167092
17174987
17175173
17178420
17179865
17182226
17182259
17182769
17184978
17187593
17188251
17188577
17188904
17190934
17190969
17195842
17196537
17199059
17201461
17201784
17202543
17204295
17204823
17207899
17208459
17210136
17211439
17214562
17214570
17215478
17217921
17218478
17222539
17222565
17229109
17230052
17236244
17236790
17243358
17254803
17259856
17266108
17267613
17267796
17267934
17270466
17274021
17275336
17280517
17283203
17283285
17284168
17286837
17301679
17303390
17303439
17303440
17303809
17306772
17307337
17317297
17318308
17320835
17334210
17336094
17336096
17336344
17336945
17339967
17346988
17347765
17350291
17350862
17351637
17356686
17360913
17363281
17368914
17372124
17375135
17375288
17376703
17395381
17398080
17400480
17401515
17403973
17406646
17442593
17448546
17451973
17456359
17467008
17468751
17470457
17473836
17473838
17475514
17476681
17478105
17481593
17482797
17483530
17486323
17490989
17493920
17496793
17496806
17499159
17499164
17503101
17507643
17516802
17517680
17524589
17524667
17525984
17529986
17532135
17533753
17536965
17536969
17537966
17541057
17541115
17543896
17547581
17548751
17548799
17551089
17553466
17553996
17558282
17560689
17564758
17566054
17574442
17574870
17578311
17583996
17586866
17586869
17589305
17591598
17595018
17596425
17601709
17604348
17604351
17606317
17607327
17610659
17613539
17614278
17614283
17615246
17615247
17616583
17617382
17617657
17617658
17617989
17618423
17622649
17625917
17626906
17629502
17631362
17631408
17632271
17634566
17636560
17636562
17638304
17643400
17643452
17644222
17651006
17651008
17651704
17652462
17652594
17658625
17659885
17660183
17667888
17672385
17680602
17680935
17681983
17683220
17686467
17688985
17689103
17700019
17707349
17707444
17713133
17714006
17714012
17714013
17715350
17715358
17717184
17717657
17720547
17725931
17727825
17728454
17761972
17762711
17762716
17767510
17826793
17826962
17827174
17845909
17846159
17870235
17875914
17878070
17880929
17881109
17884498
17885610
17892386
17894602
17898151
17900903
17902000
17904388
17904390
17904869
17909128
17916328
17942721
17942736
17946025
17948885
17949920
17950032
17951112
17954780
17955021
17958480
17958482
17958485
17958489
17964548
17964813
17965984
17974317
17976960
17986682
17987064
17988357
17989234
17990304
17993211
17994187
17996464
17997331
17999985
18002723
18004139
18004944
18004946
18004949
18004954
18005496
18007181
18024158
18029095
18029153
18030926
18033769
18039043
18039046
18041716
18041738
18043766
18053746
18055942
18056239
18056543
18056550
18058090
18058813
18063349
18063414
18063476
18063566
18064583
18065722
18068954
18072236
18072277
18072281
18077383
18077520
18077798
18079060
18079289
18088081
18094229
18094859
18095278
18095789
18155074
18155924
18155927
18160644
18164628
18166203
18172849
18174826
18174910
18174911
18176625
18177711
18178107
18178386
18178485
18181882
18183378
18184777
18185114
18187204
18191116
18201123
18201134
18205077
18206186
18207298
18207423
18208887
18209621
18211233
18211240
18211242
18214457
18215244
18217881
18219622
18221890
18234477
18234518
18234521
18238903
18241895
18243737
18248739
18248740
18248794
18248824
18254546
18255038
18258428
18261744
18262208
18266215
18266983
18270173
18275332
18275339
18279326
18281412
18284340
18284345
18284353
18286463
18287004
18294420
18294820
18295746
18302724
18303568
18307211
18310578
18310580
18314252
18314269
18321537
18321870
18322462
18325789
18326624
18329290
18329671
18329904
18332073
18337401
18342473
18342542
18342544
18345988
18345991
18346831
18346998
18353521
18353686
18358455
18367428
18372289
18378553
18381769
18382289
18383301
18385330
18387583
18388730
18396414
18399040
18399882
18406173
18406432
18407300
18412134
18413290
18420234
18425505
18427116
18432480
18434197
18434201
18437279
18439412
18440204
18440572
18446830
18448634
18452757
18455740
18457504
18458208
18460045
18460331
18461157
18463627
18465788
18466663
18467028
18468869
18476760
18479717
18480284
18483003
18483136
18483724
18484855
18486975
18489964
18490028
18498743
18502045
18502730
18504112
18509370
18511693
18513140
18514745
18515297
18534989
18539249
18539559
18540778
18540880
18541279
18550030
18554929
18559294
18562330
18562599
18564038
18564039
18564045
18570205
18573512
18574518
18574649
18578600
18578601
18578602
18579347
18580572
18580874
18586234
18586370
18586522
18589505
18590800
18594696
18595985
18596608
18599179
18601940
18603230
18603301
18605868
18605869
18608849
18609429
18621359
18632890
18633772
18633774
18633777
18633786
18633800
18633801
18633804
18633805
18633811
18633816
18633819
18633822
18633829
18633831
18633839
18633843
18633848
18633851
18633852
18633854
18635157
18635241
18635342
18635699
18639533
18639566
18643304
18644242
18653664
18661501
18661503
18663302
18666103
18666116
18671278
18672076
18672352
18675364
18678793
18684663
18691703
18703030
18703089
18717713
18718573
18723260
18723901
18726545
18726910
18752404
18752414
18757982
18758379
18759811
18760631
18768725
18771508
18771673
18771675
18771714
18775476
18777560
18778978
18780495
18781436
18783380
18783864
18785502
18785653
18787229
18790065
18790618
18790875
18792858
18793699
18796186
18797310
18797855
18815099
18817883
18820694
18823226
18823232
18823249
18823250
18823255
18823721
18824236
18826444
18829694
18829695
18830586
18837865
18838037
18838634
18848443
18848742
18848823
18852053
18923070
18928090
18930036
18930635
18937781
18938008
18940230
18947356
18948009
18950718
18951556
18955907
18956461
18971462
18973586
18979376
18979380
18981343
18981933
18985097
18985117
18985127
18985128
18985132
18985135
18985137
18985143
18988858
18992288
18996489
18996542
18996910
19001543
19005002
19007800
19015082
19015083
19015094
19015096
19015102
19015113
19015114
19015116
19015369
19015371
19016606
19035098
19036981
19037205
19038275
19041896
19046978
19046993
19047074
19047075
19052111
19056093
19059350
19063979
19074979
19076485
19084220
19085561
19086020
19092784
19093617
19100329
19103254
19103296
19104453
19107750
19107751
19109919
19109984
19117277
19118174
19121401
19124688
19124693
19129391
19135071
19135072
19139843
19139856
19146346
19146819
19147695
19148369
19151375
19154647
19159636
19163574
19163620
19163965
19167506
19168663
19170936
19171077
19172643
19172650
19172653
19173228
19174368
19174537
19176471
19176830
19179278
19180557
19181620
19182175
19188115
19188539
19195646
19199400
19199421
19199423
19213918
19219919
19223437
19224116
19225169
19232022
19232481
19235420
19235883
19238107
19242292
19243839
19246474
19250686
19254086
19255377
19255912
19258022
19259973
19261872
19264490
19271882
19273839
19276119
19278129
19278671
19279244
19280694
19285072
19285143
19285381
19286742
19300986
19301997
19302006
19302163
19306881
19307251
19320549
19320552
19321316
19321317
19322649
19322727
19326289
19327402
19328236
19328661
19334314
19336392
19338716
19342189
19344762
19345786
19346000
19347877
19348727
19349239
19349245
19351894
19357304
19357387
19360650
19362156
19365802
19368816
19371782
19371787
19376240
19376242
19382299
19384890
19385014
19385019
19385988
19387615
19388013
19397858
19398309
19401224
19401380
19403890
19405122
19406904
19407204
19410583
19413481
19413923
19414043
19414310
19415407
19418045
19418556
19419593
19420090
19420091
19422619
19425830
19427632
19428403
19428423
19428976
19429013
19429043
19429079
19429172
19429173
19433790
19434584
19442745
19443622
19443630
19446638
19446647
19446795
19448848
19450613
19450664
19451625
19454919
19457378
19457385
19457392
19457939
19465134
19470528
19473471
19480985
19480987
19481456
19482079
19485616
19485660
19493626
19494142
19494153
19500158
19501062
19505993
19512976
19521264
19524090
19524092
19524887
19530218
19530219
19531876
19533423
19539034
19539711
19539998
19545982
19554560
19555654
19556348
19557858
19559343
19560133
19570530
19571124
19571143
19572986
19576235
19579267
19580380
19580392
19585106
19585350
19586260
19588282
19589502
19589603
19592758
19593045
19605530
19605649
19616105
19618409
19620107
19620180
19620181
19621369
19621370
19622733
19627640
19628377
19629052
19631626
19631673
19632299
19632787
19636504
19637101
19640506
19642884
19642886
19642887
19645926
19645929
19646532
19647038
19647799
19656642
19665104
19665877
19673914
19674742
19675242
19679078
19679768
19680634
19683419
19684560
19686782
19692672
19695817
19696688
19698726
19699186
19699306
19705330
19706472
19709652
19710316
19710691
19714267
19715763
19720089
19732478
19732807
19732835
19732838
19733188
19733581
19733670
19739033
19739909
19744566
19747463
19748075
19748540
19751546
19755103
19756824
19758762
19759124
19761853
19765600
19766936
19767310
19770059
19775500
19776274
19780040
19781756
19782476
19782696
19783410
19786106
19787547
19794319
19795962
19803681
19803682
19803684
19803685
19804836
19811772
19811814
19818907
19818908
19819248
19821187
19822601
19823981
19823984
19833143
19833214
19833329
19833790
19837179
19840035
19846064
19853585
19854553
19858108
19864015
19878729
19879918
19880216
19880294
19883494
19883771
19883773
19884226
19889713
19890012
19895721
19910166
19910719
19912333
19913621
19913803
19914001
19917143
19917597
19925197
19925208
19927262
19929761
19931396
19931400
19933712
19937337
19939884
19940176
19940177
19940187
19940790
19945536
19957266
19958569
19962441
19962442
19963000
19963903
19963904
19963905
19964387
19964981
19966326
19966327
19969094
20001123
20004247
20004253
20004364
20004914
20005295
20005675
20006682
20006720
20008375
20018180
20025856
20025979
20025981
20026086
20026225
20026227
20026486
20032154
20034482
20034998
20035017
20035882
20036269
20041477
20044008
20044070
20044885
20044886
20044895
20045472
20045475
20051318
20051364
20055537
20057981
20060103
20060912
20060966
20063304
20064129
20071019
20071527
20071633
20075000
20079652
20079852
20083798
20085446
20087840
20090680
20092946
20096269
20096793
20097294
20099204
20100900
20108218
20116072
20116416
20117046
20117120
20121935
20123026
20123031
20123913
20124119
20125054
20127870
20127873
20130181
20131046
20133358
20138900
20139012
20139013
20141261
20141299
20141305
20144695
20144945
20146607
20146921
20147456
20150343
20162490
20162599
20162600
20162603
20164122
20164333
20167415
20170692
20173665
20176860
20178036
20181600
20182511
20184808
20184959
20194482
20194512
20194514
20194686
20194687
20201927
20203176
20205246
20211545
20212004
20215924
20215925
20221946
20221947
20225220
20231177
20233954
20233957
20298792
20300735
20302945
20307892
20309531
20331499
20333460
20336686
20347995
20347996
20350057
20350058
20350177
20350180
20350185
20350933
20351022
20353828
20360158
20362418
20363157
20363808
20364434
20371508
20373425
20374203
20377359
20378581
20379899
20384781
20385169
20385244
20385798
20392942
20398771
20398773
20399207
20399622
20401747
20403508
20408364
20411397
20415605
20417065
20418072
20419567
20420767
20421469
20424829
20429137
20432340
20433241
20433242
20433244
20433264
20434133
20434468
20435051
20437601
20444445
20446172
20450959
20451622
20452398
20452399
20452443
20453039
20456660
20457166
20457261
20457691
20457911
20462326
20462805
20463232
20463288
20466762
20470808
20470894
20471358
20472076
20472077
20478834
20483568
20484643
20484679
20486013
20488680
20492571
20493953
20493954
20501508
20502991
20503114
20504869
20505108
20505126
20509733
20510255
20510377
20515407
20519253
20519535
20519541
20521858
20521861
20525743
20528086
20529416
20534464
20537612
20543183
20547425
20553738
20553895
20554884
20558408
20569645
20570740
20573339
20573463
20573889
20573895
20582997
20584720
20593194
20595014
20599362
20599364
20599816
20599820
20600189
20600336
20600963
20600971
20600979
20600987
20602286
20602430
20602432
20603449
20603454
20609570
20610740
20614370
20615318
20615982
20616141
20616670
20617526
20617881
20617892
20621407
20621638
20621656
20623771
20624473
20627130
20627131
20631188
20633663
20637787
20637819
20638303
20643213
20645311
20655320
20658818
20659568
20660534
20660731
20661837
20663646
20666593
20666597
20667170
20668188
20668196
20668207
20670979
20673802
20673803
20674286
20685992
20688112
20691681
20691792
20691794
20693390
20696386
20702500
20708906
20709038
20709150
20711937
20711940
20712827
20716396
20716480
20719926
20720535
20721813
20723605
20725910
20728511
20728556
20732744
20732901
20733346
20736071
20739343
20797391
20797401
20797441
20797542
20799123
20802090
20804370
20805537
20805543
20807052
20807058
20807059
20807060
20808145
20809213
20809855
20810879
20816974
20818135
20819988
20829453
20832476
20832481
20832486
20837034
20837543
20842749
20843875
20849234
20850714
20853377
20855051
20861038
20861065
20861377
20863841
20863844
20865729
20865730
20868630
20869122
20869375
20869400
20881565
20883743
20886578
20888628
20888847
20888872
20888922
20889428
20889651
20921381
20923694
20932921
20933062
20935339
20936298
20937393
20937394
20938153
20946058
20946059
20946960
20946962
20947065
20950590
20952073
20954937
20955802
20956471
20957649
20963818
20964961
20965253
20972667
20974213
20974266
20974688
20974959
20976966
20977537
20981611
21035785
21039484
21041614
21047495
21050725
21051193
21051474
21054920
21055874
21056675
21056677
21057432
21059346
21059963
21071632
21073970
21074577
21075129
21075593
21077137
21078562
21078973
21087673
21090881
21092865
21093773
21094179
21095230
21097958
21098806
21098807
21098808
21106607
21109080
21109253
21111549
21111833
21119752
21122817
21126156
21126588
21127016
21130173
21130888
21134387
21135253
21135719
21142990
21144117
21144713
21145212
21147235
21147519
21147999
21148006
21148008
21154218
21159352
21159729
21163275
21163276
21167825
21168427
21168511
21168516
21182967
21183158
21183458
21187413
21190759
21192235
21194156
21195103
21195192
21195195
21196514
21196782
21205361
21205435
21205806
21206465
21208991
21209489
21212322
21213193
21215389
21215733
21220070
21228297
21229617
21237185
21238433
21247256
21248684
21250762
21251646
21252551
21254798
21254805
21254806
21256220
21256233
21257158
21257673
21259166
21259381
21259385
21259389
21261242
21264642
21264651
21269812
21270447
21272595
21273432
21276593
21277942
21284912
21287559
21293940
21295015
21300944
21303384
21305666
21308886
21310247
21310593
21312206
21315091
21315627
21315749
21316376
21316462
21316467
21320610
21320983
21325618
21328083
21330218
21331518
21333979
21334442
21334443
21352930
21356267
21356316
21357528
21358707
21365716
21366885
21368109
21373973
21375794
21377797
21382385
21382560
21382966
21383265
21389303
21390505
21391262
21391268
21391763
21394852
21396384
21396456
21399706
21399712
21401260
21414901
21414905
21414910
21416563
21419788
21420406
21420421
21421732
21424188
21427167
21430142
21432689
21436044
21438079
21439268
21440563
21440642
21443341
21443866
21444068
21452934
21452937
21452944
21452947
21452951
21452952
21467048
21467049
21470595
21471359
21471555
21472808
21477619
21477817
21482034
21484948
21484956
21497656
21497657
21501165
21504992
21507156
21507385
21510979
21511824
21512875
21513803
21513918
21514391
21515640
21516182
21516544
21521620
21525857
21530557
21531100
21533882
21536784
21536967
21546091
21547846
21549637
21549721
21549767
21550407
21554495
21554498
21554961
21554965
21555080
21555634
21557652
21557888
21557893
21557897
21563885
21563888
21563889
21567659
21568631
21574212
21586826
21592058
21592844
21596143
21600684
21601433
21601585
21601831
21602650
21603892
21606381
21606659
21609969
21609970
21613466
21613601
21616985
21618661
21618667
21624566
21625010
21625012
21628569
21632648
21632650
21633905
21635936
21640136
21640981
21642353
21653865
21653908
21654061
21656213
21664220
21664280
21664281
21665869
21666261
21671733
21671736
21671738
21671743
21673605
21674615
21676108
21676110
21676991
21677157
21680845
21683500
21683596
21683942
21689767
21690260
21690262
21692147
21693089
21696709
21697388
21700167
21701227
21704307
21705195
21709173
21709236
21709244
21710364
21712804
21714958
21715624
21715625
21722656
21725037
21733287
21733887
21734108
21734437
21736451
21737435
21739695
21741484
21742043
21743097
21743159
21745581
21750952
21751243
21753009
21756925
21757239
21761506
21761688
21761995
21762712
21762876
21763642
21769962
21771661
21775178
21777105
21777109
21778107
21781000
21782957
21783174
21783177
21784302
21784971
21787793
21795556
21797981
21799066
21803125
21803163
21807006
21809423
21810648
21811809
21812568
21813693
21816769
21822763
21823207
21823208
21824835
21827294
21835244
21839175
21839842
21840129
21840340
21840404
21843538
21849562
21854858
21854971
21856337
21861684
21866425
21871533
21875890
21878057
21880172
21884323
21884803
21888980
21888982
21890212
21893642
21893680
21896494
21896497
21897305
21897353
21897354
21897444
21898716
21903032
21903460
21903976
21906689
21917787
21920442
21922599
21922603
21923788
21924368
21925190
21929661
21930137
21930160
21932261
21932262
21933616
21934726
21935985
21936739
21936743
21936768
21938755
21938756
21942762
21942763
21942764
21943047
21943083
21943555
21945867
21952195
21953419
21954239
21955165
21957240
21957257
21958651
21959173
21961777
21962775
21964488
21969422
21971308
21972425
21972849
21976509
21976511
21976523
21982165
21982747
21983057
21983182
21983794
21985031
21987824
21988743
21991888
21998031
21998038
22001264
22001266
22005592
22006034
22006990
22007877
22009130
22012639
22013235
22015853
22017280
22019717
22021045
22021652
22021653
22021913
22024246
22027088
22031874
22036183
22037418
22037687
22040905
22047726
22059860
22062193
22071630
22072682
22078745
22079109
22079451
22079507
22080495
22080733
22081878
22082766
22085483
22089142
22093107
22098264
22099606
22100534
22102512
22104172
22108504
22113155
22113213
22114283
22115148
22116037
22119640
22120203
22122779
22123187
22123457
22126260
22133562
22137181
22142761
22147843
22149348
22154897
22155328
22155378
22156049
22156723
22156740
22159113
22161969
22170969
22176162
22177602
22178008
22178441
22178453
22178816
22182770
22185494
22186678
22189289
22191195
22196111
22197699
22198972
22206876
22206905
22209236
22210355
22212987
22217726
22218285
22222174
22222380
22227457
22228752
22230115
22230228
22230946
22230947
22230948
22235032
22241376
22244835
22247501
22255476
22255974
22256283
22259064
22260935
22262880
22263343
22263640
22264197
22264198
22265362
22266262
22266411
22267183
22267967
22270350
22272622
22275166
22275474
22275475
22275476
22279217
22282432
22285821
22287214
22287263
22288392
22289808
22294427
22296985
22300812
22304628
22305306
22305991
22306196
22306521
22306805
22308408
22317687
22318762
22318914
22321646
22323727
22330316
22330606
22344847
22345370
22349799
22355182
22356173
22357845
22359353
22360642
22365465
22365466
22365820
22367971
22368081
22371355
22371367
22377511
22378331
22381514
22383803
22386970
22387166
22387172
22387174
22387605
22387662
22391476
22392009
22393216
22394402
22396079
22396418
22397907
22398297
22399779
22401758
22403155
22406281
22406500
22414593
22414772
22414993
22418015
22418393
22419119
22421385
22422484
22422724
22425669
22431294
22431327
22431380
22432955
22433052
22433609
22440647
22443447
22445349
22446298
22450049
22451272
22451481
22451482
22452562
22453742
22456451
22456582
22456823
22458423
22459043
22459338
22461404
22464825
22464935
22465324
22465843
22480693
22480958
22483077
22483100
22484305
22487549
22488985
22492028
22492754
22493264
22495688
22498658
22505275
22505290
22507228
22510433
22510529
22511726
22514317
22516367
22519425
22519463
22521251
22521252
22521479
22521686
22524295
22524296
22524493
22534456
22535257
22538086
22539776
22539862
22541026
22542509
22547826
22549209
22553009
22554135
22560044
22560888
22563009
22564482
22565201
22569644
22571805
22575420
22580171
22584225
22585315
22586252
22591109
22591123
22591950
22592304
22595508
22608014
22609273
22609578
22609579
22609931
22610392
22613230
22617427
22617448
22617625
22617632
22626918
22628125
22634861
22637967
22638012
22638494
22639242
22642412
22644919
22652306
22652538
22658706
22659107
22659393
22661411
22661619
22664168
22669034
22673875
22674283
22677047
22677148
22681317
22682732
22682903
22687465
22688567
22693338
22696400
22698155
22698763
22703623
22704643
22711230
22721373
22723705
22727762
22728149
22731734
22732489
22732492
22732507
22739125
22749355
22749356
22750056
22750118
22759999
22760337
22763169
22763170
22770650
22771856
22772359
22772979
22773051
22773540
22776461
22781162
22781311
22781874
22782131
22784688
22787048
22787051
22795265
22795367
22796986
22797274
22798398
22800942
22805083
22807028
22807311
22807481
22811215
22813951
22814146
22814368
22815503
22820143
22831959
22836179
22840336
22840551
22840553
22840554
22840629
22842813
22842815
22842906
22845758
22846660
22849399
22849402
22854930
22855822
22856363
22858265
22867993
22868935
22868937
22871390
22871393
22872066
22879351
22887480
22892422
22900624
22901597
22901627
22902992
22905816
22905818
22905826
22906685
22906790
22910372
22914649
22915118
22917986
22925010
22929298
22929607
22938844
22940117
22940284
22941501
22941838
22944369
22945291
22945462
22951258
22952277
22956667
22956668
22956669
22956671
22956672
22956676
22956678
22958829
22960116
22960252
22962061
22968816
22972952
22975148
22975194
22977198
22979952
22981562
22981890
22982355
22982513
22982585
22983598
22985738
22987297
22988717
22993425
22995779
22996793
22997053
22999437
22999654
23008170
23010257
23017597
23018121
23023154
23023395
23025160
23027970
23032389
23033154
23034518
23035965
23036282
23039996
23041526
23042731
23043904
23044373
23045652
23051897
23051900
23051901
23051903
23055092
23055490
23055513
23062585
23063843
23064081
23064394
23066731
23066732
23070313
23070748
23071340
23077043
23077058
23084083
23086020
23094707
23095902
23097247
23099059
23100414
23106177
23108276
23108278
23110878
23110880
23115195
23116812
23123045
23123788
23124137
23124599
23124623
23126219
23128970
23131525
23131612
23136406
23137801
23137945
23137946
23140909
23142070
23142279
23146966
23147501
23153968
23160811
23160815
23161519
23163952
23164370
23166292
23169034
23169930
23171514
23171614
23171695
23175677
23175836
23175849
23179063
23183637
23184639
23185086
23186258
23196633
23198891
23200784
23201365
23202660
23202661
23207575
23211928
23211991
23219471
23220414
23222657
23223206
23223277
23223279
23223803
23238040
23238432
23240997
23245750
23246633
23249346
23254143
23262175
23263697
23265001
23265635
23265636
23268783
23268784
23274185
23281129
23281202
23286055
23286135
23287311
23287316
23287568
23293019
23297009
23298106
23298821
23303059
23313569
23313581
23314010
23314011
23314780
23314940
23317795
23318128
23318352
23319042
23321153
23325259
23327933
23327934
23337079
23337458
23345209
23345236
23348009
23349223
23350907
23351848
23352382
23353029
23353696
23355265
23357079
23357375
23360362
23362496
23364679
23365237
23365254
23367351
23369983
23370055
23376214
23376498
23376790
23377287
23379536
23380167
23382516
23384520
23384606
23386739
23386740
23390180
23391557
23392667
23394712
23399993
23400645
23406055
23406545
23407275
23408440
23410736
23414211
23416087
23418140
23419861
23425892
23426687
23427116
23435213
23440313
23447373
23448870
23453164
23458627
23460411
23463339
23470285
23474283
23477839
23482620
23482625
23483523
23485131
23486972
23488588
23489415
23489416
23504938
23507383
23507387
23510549
23510564
23512930
23518007
23518233
23522878
23526151
23530897
23535458
23536076
23538912
23541333
23542270
23545112
23548595
23551805
23552077
23552079
23554475
23558094
23562867
23563109
23566889
23567886
23568328
23568365
23571693
23574118
23574539
23575842
23576237
23576808
23578759
23581683
23583742
23584173
23584260
23584670
23586454
23588187
23588273
23591073
23592753
23595729
23595755
23596188
23596190
23597109
23598903
23602885
23602923
23603287
23608113
23610386
23611537
23613020
23615636
23615765
23615766
23616377
23616547
23616548
23617737
23620601
23623628
23625078
23631983
23636715
23636982
23640112
23643106
23645715
23651705
23658192
23660028
23660030
23660437
23664683
23664949
23664950
23665375
23665393
23668969
23670963
23672302
23673251
23677007
23678111
23681167
23684864
23684866
23684872
23685160
23691984
23694681
23696692
23698075
23700105
23709643
23712666
23716712
23720503
23726779
23727827
23727881
23739977
23739982
23740049
23743183
23743974
23746540
23749314
23749875
23750943
23751153
23752131
23756148
23761883
23765156
23768841
23768914
23769293
23769726
23769997
23772557
23774397
23774678
23776244
23777332
23777758
23778501
23784074
23784668
23785139
23785160
23785161
23790683
23791040
23791838
23791896
23791961
23796961
23800487
23802123
23802125
23803331
23804111
23806980
23807175
23809145
23810622
23810975
23812762
23813738
23818102
23819895
23824230
23824248
23827769
23829951
23831279
23835103
23835204
23835924
23838003
23841967
23842608
23845425
23845563
23850105
23850598
23851324
23859648
23859650
23860750
23861165
23861215
23861539
23864665
23864694
23867553
23867921
23868876
23869578
23870836
23871881
23873655
23876114
23879268
23879877
23884933
23887809
23887817
23887820
23893848
23893849
23893850
23901117
23904335
23906596
23907544
23910949
23911154
23911778
23921098
23921125
23921785
23927991
23928103
23928295
23929092
23929943
23929944
23930595
23932237
23933304
23934417
23943513
23945981
23946393
23946406
23947986
23954715
23956080
23956081
23959199
23962468
23964067
23969000
23973351
23975275
23975732
23978392
23978654
23983202
23984945
23986265
23986267
23986399
23988110
23993283
23994213
23994316
23997363
23998453
23998674
24006403
24007872
24019460
24020449
24021809
24026225
24033579
24038516
24039033
24043373
24044427
24045061
24048850
24050219
24055506
24059962
24064075
24064198
24068813
24070614
24077560
24078018
24078106
24080372
24080515
24080517
24080676
24080950
24081276
24084128
24084831
24089050
24089404
24090098
24090819
24093627
24097376
24099849
24100929
24104726
24107943
24107952
24108394
24108794
24108799
24111113
24111237
24116842
24119792
24119861
24120094
24121027
24126454
24128307
24128739
24129199
24131593
24133276
24135167
24138447
24139810
24144245
24145376
24146315
24148846
24155301
24155323
24156809
24156926
24165832
24168220
24170933
24174667
24174677
24176537
24177988
24179291
24182659
24183499
24183891
24184115
24184576
24185022
24185024
24188808
24189157
24191059
24193372
24194578
24196947
24200209
24200419
24200542
24200918
24210423
24210457
24211010
24214215
24215973
24216538
24217991
24220539
24222405
24222712
24229536
24229849
24231399
24239590
24241476
24242271
24247043
24247250
24258969
24262816
24264941
24268546
24268934
24275797
24275829
24277856
24279687
24280181
24283493
24285897
24287439
24287441
24289090
24290464
24290886
24293562
24295635
24297329
24298171
24302681
24307677
24314147
24314348
24315700
24315838
24316200
24321307
24321556
24323701
24329012
24329046
24332890
24336349
24343334
24343754
24345173
24345398
24354514
24359488
24359705
24361478
24361663
24362760
24368143
24369340
24370610
24371217
24384151
24392897
24393393
24394347
24396002
24396003
24396008
24398265
24402653
24403156
24406081
24407914
24411594
24412331
24413394
24418502
24424781
24431462
24434677
24438492
24439303
24440115
24443396
24449748
24450582
24452776
24453190
24467888
24473186
24478356
24482092
24483620
24486563
24493836
24493839
24493840
24493842
24493845
24493851
24495660
24502922
24502937
24506946
24513232
24516127
24518753
24523536
24526187
24530849
24531045
24531049
24532318
24532549
24532703
24549102
24553284
24554354
24560578
24560581
24561099
24563529
24564471
24576686
24577108
24578016
24582597
24582919
24583040
24583223
24584331
24587582
24589839
24590225
24591523
24591599
24593696
24598437
24603021
24603023
24612152
24612482
24614364
24621266
24621958
24628776
24632378
24634086
24635646
24639401
24642381
24647934
24650597
24652857
24655307
24656767
24657305
24657459
24658234
24659430
24659451
24661157
24661170
24662774
24669790
24670207
24671141
24672000
24675159
24677530
24681401
24681435
24682131
24682187
24687771
24695712
24699014
24699018
24699035
24702456
24705200
24705568
24706557
24706817
24710652
24713451
24718902
24720663
24720892
24722762
24728838
24732954
24734297
24735671
24740491
24741031
24742155
24742157
24742618
24748545
24751570
24752071
24753026
24753211
24753358
24753396
24756342
24757127
24759437
24763592
24768931
24769266
24776739
24784503
24790190
24790211
24791753
24792477
24794918
24795437
24795440
24795443
24800631
24800897
24804953
24806682
24806689
24810870
24811608
24812084
24812764
24813149
24815091
24825503
24825786
24828628
24828635
24828652
24830839
24837477
24837479
24838987
24841078
24844267
24844742
24845107
24845161
24846573
24850896
24852459
24853295
24858795
24859691
24861441
24862389
24862848
24863251
24866521
24867148
24874919
24881572
24882167
24882196
24882568
24882678
24882901
24886004
24889618
24893706
24893907
24898564
24899706
24899726
24904991
24904993
24905285
24906891
24906968
24907485
24907686
24910070
24911391
24912146
24920379
24920613
24920615
24924875
24927685
24928617
24936686
24939872
24945662
24948156
24952330
24954611
24954829
24960045
24960046
24960530
24964216
24966383
24966390
24968573
24969119
24970601
24972755
24973603
24976498
24976632
24978315
24981794
24983713
24995682
24998619
24998897
25003207
25003950
25008959
25009194
25012415
25012925
25017648
25026154
25030840
25036008
25037922
25038309
25038436
25044711
25045017
25046845
25047745
25053362
25059532
25062837
25063233
25064191
25065313
25065602
25065732
25066308
25066544
25080579
25082823
25085721
25086203
25086316
25086609
25087073
25087482
25090304
25090922
25094016
25094043
25099708
25100217
25100219
25100590
25100591
25105832
25106072
25107614
25107617
25107677
25108042
25108246
25108823
25109529
25110231
25111033
25117603
25123348
25123974
25127926
25130563
25131678
25132020
25133665
25139064
25139308
25139625
25140046
25140051
25142952
25143543
25143607
25143614
25150553
25150658
25151338
25154600
25156399
25157798
25170021
25171782
25172156
25175536
25175543
25179246
25180985
25183886
25185806
25186759
25192244
25192631
25193002
25196948
25208740
25209289
25209949
25210055
25217470
25217472
25219936
25223729
25223905
25224997
25224998
25225000
25225374
25234319
25234479
25234799
25237122
25240323
25241083
25241087
25242726
25244436
25249057
25252868
25257066
25261727
25262497
25262587
25265277
25268683
25269114
25270984
25274576
25274821
25277964
25280451
25280904
25283342
25284303
25288171
25289490
25297695
25298010
25304498
25305700
25305809
25307137
25307731
25315789
25319696
25319706
25320792
25326038
25326039
25327821
25329241
25331606
25332108
25335914
25338633
25346407
25359589
25359694
25366378
25366500
25366580
25372925
25381653
25382193
25384074
25384262
25388082
25390185
25390201
25390202
25390204
25392511
25398075
25413183
25416642
25420125
25422039
25422460
25422963
25426823
25429140
25432285
25438744
25438976
25443066
25445247
25445775
25445782
25447064
25448398
25449744
25449748
25451197
25451474
25455344
25457931
25458571
25459101
25461705
25461711
25461916
25462688
25463458
25463465
25463475
25466433
25471577
25475988
25477367
25479816
25481470
25482858
25483019
25487911
25497222
25498409
25502633
25505309
25506752
25523347
25524650
25527112
25527113
25527821
25527870
25528694
25529028
25529800
25535356
25536499
25536500
25537682
25539036
25539044
25541365
25541862
25545862
25550068
25550069
25552570
25552571
25552572
25555525
25557062
25557777
25560201
25562711
25562826
25563230
25563748
25564936
25565059
25567420
25567423
25570063
25570470
25571770
25572160
25573399
25575018
25578794
25580932
25589766
25594153
25595500
25595501
25595506
25598522
25599382
25603027
25605886
25605923
25605968
25609624
25609637
25613405
25620526
25628344
25628345
25630517
25631917
25632124
25632131
25632133
25635920
25637390
25637804
25638295
25639205
25641636
25644657
25646442
25646583
25647338
25650106
25651194
25652023
25653372
25655870
25660537
25662409
25664702
25670645
25671603
25673851
25673866
25675473
25676678
25678559
25680674
25680993
25681681
25684049
25684692
25690326
25691071
25691738
25703646
25705798
25706827
25708317
25708455
25716841
25725510
25726458
25728174
25728693
25728695
25731997
25733678
25743635
25752904
25754503
25755174
25757797
25761281
25762672
25762673
25766754
25769625
25772668
25776217
25777814
25784601
25785510
25792694
25795103
25795339
25796490
25797832
25798570
25800207
25800507
25801097
25804311
25809400
25809402
25809404
25810516
25810522
25818690
25818869
25819306
25822461
25824424
25827506
25828568
25832770
25834046
25835557
25837600
25840750
25847778
25847861
25848681
25853627
25855179
25855888
25858294
25858603
25862262
25862421
25862672
25864952
25864955
25865357
25868150
25869157
25869859
25871325
25872899
25873084
25874749
25875284
25880023
25891375
25891898
25892332
25892594
25899520
25904779
25906795
25913061
25913702
25913703
25925269
25926460
25929825
25934633
25936550
25944613
25948266
25950551
25957017
25957484
25961640
25962831
25964502
25967954
25971601
25972116
25974322
25976028
25976923
25978492
25978714
25978933
25979609
25981159
25982488
25988227
25988933
25994961
25995349
25997640
25999039
26003489
26003509
26004062
26004692
26006262
26007149
26008885
26008886
26010458
26010878
26011391
26013303
26014459
26019010
26019326
26019335
26025370
26027740
26028547
26032148
26032190
26032457
26033478
26036837
26036935
26040980
26041566
26041920
26045569
26046623
26048177
26054874
26056280
26059389
26060325
26065376
26068849
26070266
26071623
26074201
26076316
26077725
26078385
26083786
26085009
26089343
26091852
26092780
26094856
26096080
26102226
26105140
26107160
26107161
26108101
26108165
26109650
26109666
26112339
26113741
26117812
26119022
26124112
26133661
26135908
26137973
26143305
26143483
26145276
26148614
26152321
26153468
26157025
26160264
26164485
26165776
26165867
26166191
26168407
26171717
26173095
26173182
26175008
26177254
26178189
26178527
26180188
26181225
26182424
26182611
26186229
26187507
26190301
26194892
26195295
26196666
26197259
26197267
26203050
26208834
26209358
26211623
26212070
26212902
26219399
26219630
26219923
26220024
26223260
26226076
26226078
26226432
26227437
26231122
26235668
26237322
26238968
26241683
26243879
26245316
26245713
26245836
26245837
26245963
26247866
26249369
26252986
26253525
26259016
26260311
26262779
26269638
26270189
26272240
26275050
26275927
26279212
26283353
26289141
26290233
26290235
26294367
26295919
26298503
26300387
26302670
26305064
26310381
26311775
26313134
26314945
26318342
26318849
26320202
26324098
26327243
26327319
26334020
26334650
26336909
26340957
26341902
26341950
26342220
26343316
26343317
26343321
26343322
26348480
26348555
26348557
26348589
26350539
26350757
26351862
26351992
26351993
26354910
26356583
26358975
26359718
26359751
26360907
26363673
26367817
26371795
26374785
26375210
26377462
26378725
26378742
26381564
26382634
26384961
26385540
26385759
26386518
26390194
26395814
26397037
26400856
26400857
26400858
26400929
26401684
26403292
26404844
26407494
26407495
26411531
26413744
26417092
26419271
26424878
26431897
26439270
26439515
26442666
26443236
26443298
26445229
26449441
26452682
26453911
26455808
26467308
26468196
26471033
26472591
26476740
26477647
26478962
26479324
26481674
26482526
26483152
26484435
26489975
26489977
26490439
26493161
26494872
26501399
26511251
26514618
26514810
26515906
26516169
26516170
26520773
26522424
26522619
26522869
26526072
26527172
26527537
26529535
26537750
26538342
26538642
26538657
26541373
26541813
26542812
26544919
26549262
26551661
26558615
26558785
26559474
26566723
26569130
26569419
26571072
26573559
26574501
26577062
26585457
26586814
26589334
26590343
26592952
26598739
26599055
26607442
26608243
26608745
26608776
26609107
26611397
26611711
26613720
26624523
26632990
26634281
26639452
26645207
26645274
26645465
26645739
26650337
26654933
26655583
26656723
26658926
26663662
26667844
26668010
26670947
26671217
26673113
26674059
26674865
26675154
26675294
26679192
26680151
26681358
26683008
26683171
26683383
26684072
26685089
26685867
26690807
26690829
26695705
26699464
26701295
26704348
26707190
26707716
26707717
26708107
26711857
26711997
26714574
26720411
26722017
26727304
26727535
26733530
26736831
26738043
26740535
26741277
26741286
26741803
26743997
26745832
26746180
26748411
26749205
26758835
26763141
26767373
26771851
26772629
26774462
26775225
26776080
26777479
26778366
26784537
26786152
26787138
26790398
26791218
26791228
26792586
26794034
26796713
26796715
26802808
26803528
26805557
26806013
26809225
26809289
26814116
26821063
26821244
26821253
26825438
26826513
26831302
26833918
26838358
26843004
26843006
26843566
26843642
26843649
26844811
26851974
26853120
26854561
26854756
26854902
26858213
26862057
26865423
26865425
26867078
26868478
26872344
26873275
26874182
26875725
26879101
26879623
26880789
26883065
26883758
26884543
26887916
26891826
26892855
26892858
26892860
26892861
26892942
26899786
26900791
26908392
26908926
26915331
26917214
26921778
26922247
26926604
26926605
26928884
26929024
26931629
26934285
26934839
26941384
26948894
26952886
26954937
26963234
26968315
26971472
26975552
26975555
26979587
26982874
26986838
26989195
26991386
26995784
27000301
27000310
27001175
27001453
27002910
27003211
27011015
27011016
27012986
27013103
27015710
27015723
27015724
27016006
27016153
27017423
27020140
27025242
27026652
27027541
27030766
27032568
27033687
27044803
27045451
27048533
27049447
27053205
27054399
27058271
27058281
27062134
27062270
27063068
27068178
27069053
27071084
27071124
27074863
27075438
27079535
27083529
27084302
27084690
27085214
27091600
27091670
27094176
27098688
27102656
27103529
27104478
27107209
27107298
27107470
27109897
27117563
27122026
27130821
27131039
27131917
27132543
27136504
27141854
27145084
27145286
27145325
27147653
27147654
27147663
27150924
27151776
27155151
27156807
27156983
27157883
27159669
27160257
27163722
27164327
27170133
27173081
27173762
27174518
27178362
27178366
27179312
27187170
27187606
27192955
27194340
27194564
27195942
27207613
27210036
27211473
27217108
27217112
27217117
27218813
27223814
27224534
27231977
27233220
27235570
27238550
27238897
27241486
27242028
27246442
27251627
27255921
27260337
27260637
27260987
27261878
27261979
27272198
27272616
27273329
27274075
27276372
27277794
27288703
27295078
27295200
27295401
27301353
27306727
27311641
27312746
27318594
27320245
27320796
27321163
27321999
27323873
27329685
27330185
27340112
27342447
27343687
27362389
27363008
27364606
27366831
27367793
27369095
27372216
27375133
27377788
27378333
27378559
27381929
27384054
27384542
27385746
27389789
27389802
27391213
27392071
27393421
27394152
27399308
27401122
27406406
27409387
27411160
27418025
27422018
27422412
27422729
27424061
27424063
27424602
27436593
27439860
27442458
27444730
27445211
27447790
27449709
27450379
27459935
27460558
27469596
27470977
27472504
27474908
27474914
27475128
27475965
27477592
27477629
27488625
27488631
27498369
27502049
27504609
27511014
27513302
27513806
27514293
27521517
27522076
27522872
27524285
27524657
27527267
27528672
27530550
27531387
27531626
27534733
27534834
27534862
27550732
27559990
27570953
27575531
27575974
27578492
27581461
27583567
27585292
27586825
27590719
27590880
27591184
27591486
27592811
27599522
27605606
27605616
27614138
27619004
27620978
27622923
27632555
27633897
27636006
27637863
27645501
27647312
27654831
27655932
27662439
27662482
27663021
27664826
27664960
27664966
27665526
27677619
27683452
27686278
27693977
27693978
27697662
27697987
27699680
27704405
27705092
27707978
27712830
27714550
27718890
27720744
27726253
27728997
27729230
27734301
27734306
27743373
27748031
27756046
27756546
27756696
27756763
27766641
27775175
27777172
27778161
27780529
27786515
27793657
27798134
27798143
27798223
27800703
27806864
27806865
27810274
27810354
27813194
27813234
27814457
27814960
27815094
27816776
27832600
27833066
27834153
27836708
27842943
27845254
27845255
27847305
27847313
27854447
27856733
27858963
27859905
27859920
27861755
27861879
27865923
27866269
27867061
27870414
27871020
27873550
27873557
27876509
27881776
27887704
27888020
27889465
27890325
27893013
27894890
27896962
27896966
27898342
27902832
27903439
27908591
27916664
27916665
27917578
27918912
27920095
27921216
27923192
27923474
27924453
27932074
27936814
27939189
27940151
27942764
27956263
27979699
27989775
27989780
27989842
27992088
27993532
27993674
27997290
28000082
28011742
28025071
28028199
28029198
28029717
28030757
28033199
28035923
28038366
28039678
28039797
28040544
28045310
28049082
28057531
28059764
28065848
28069445
28072803
28073788
28073936
28075038
28077184
28077513
28077722
28086129
28093358
28093475
28095312
28095997
28099068
28100739
28100742
28108320
28108496
28110085
28110105
28111188
28115192
28117048
28119346
28130005
28131758
28132813
28139957
28139959
28144739
28148724
28150911
28151495
28157095
28160686
28161031
28161156
28161309
28161387
28162778
28163097
28168274
28174031
28174127
28174915
28179553
28179554
28181091
28183031
28185963
28188306
28189742
28192274
28193488
28193532
28194612
28195139
28205606
28208070
28214015
28215391
28218433
28226306
28228422
28234207
28236751
28238294
28238849
28240389
28240722
28241401
28242496
28242796
28244174
28245068
28245989
28247156
28253077
28254164
28254509
28254510
28257928
28259773
28259780
28262603
28263928
28264983
28264984
28267576
28269515
28274168
28277403
28279670
28284798
28285207
28285241
28285946
28290075
28294134
28294714
28298300
28303900
28314202
28315038
28315366
28315577
28320654
28321973
28323166
28325027
28325680
28333484
28333707
28334217
28338738
28342260
28342970
28345150
28345197
28347878
28351201
28351544
28355957
28359223
28359873
28364727
28366871
28368200
28370498
28370684
28371655
28376696
28383644
28385053
28388867
28391032
28392302
28397623
28397635
28401285
28401835
28401836
28401845
28406804
28407727
28408292
28408411
28411527
28412511
28412558
28416813
28420788
28427018
28430039
28437659
28438464
28438665
28439662
28442422
28446254
28450264
28450541
28453905
28454821
28461057
28463058
28465046
28466438
28476207
28477499
28478139
28478510
28479473
28481027
28483720
28483974
28486837
28487246
28493595
28494105
28494223
28495332
28502843
28504334
28504364
28507127
28513186
28521147
28521281
28522185
28525960
28527316
28527787
28527789
28527791
28533402
28534459
28535830
28538517
28541186
28541428
28544256
28548263
28551555
28552781
28553837
28556242
28556306
28556774
28557315
28557508
28558365
28559191
28566463
28577433
28578131
28580693
28580708
28588345
28589968
28595489
28599147
28602689
28605663
28610744
28612935
28618856
28619654
28627957
28628767
28633886
28634048
28637279
28647484
28648758
28650517
28652414
28654963
28655152
28655631
28658405
28660742
28665373
28666247
28666840
28667891
28669784
28669911
28678703
28683981
28686990
28691844
28692061
28697998
28698012
28705767
28707570
28709998
28712093
28712948
28716965
28719854
28720550
28727223
28728080
28731517
28733358
28735169
28735643
28735970
28736312
28743459
28744939
28748407
28753471
28754348
28755853
28755988
28756011
28759780
28763879
28768460
28774705
28776930
28779478
28779909
28782584
28791789
28792094
28793242
28801195
28803529
28806707
28807648
28809668
28811179
28813643
28816657
28817956
28820016
28823587
28826089
28826336
28827095
28828546
28829994
28831531
28832300
28833833
28833940
28836577
28842409
28850529
28850882
28858559
28862531
28867340
28868974
28869354
28869842
28874449
28876500
28877512
28877515
28877969
28881021
28881454
28883019
28886406
28889002
28891782
28893526
28895092
28901713
28905640
28911803
28913886
28916469
28919245
28921740
28924013
28926483
28927730
28929542
28931334
28933028
28938219
28938222
28939188
28939433
28941768
28942477
28942896
28944718
28947180
28950918
28951163
28951165
28951352
28952137
28957679
28958627
28958864
28960172
28963910
28964904
28968564
28968854
28970107
28974274
28977527
28980133
28981613
28982708
28986148
28986207
28986325
28992587
28993236
29016239
29020651
29022771
29024234
29024818
29029039
29030262
29030974
29036672
29037913
29039414
29040494
29046290
29050383
29050393
29053835
29054735
29055240
29060810
29061526
29063521
29064341
29073458
29076307
29077875
29078366
29078387
29079433
29080232
29081351
29082582
29087337
29088373
29094774
29099351
29100150
29102504
29109237
29110183
29110570
29113942
29114103
29114852
29115686
29118108
29119693
29122723
29124784
29125397
29126965
29127026
29128142
29129509
29132089
29133433
29133954
29141188
29143475
29144224
29145910
29146290
29153446
29154589
29158201
29160020
29160744
29161340
29168088
29170069
29173308
29175612
29181883
29190332
29194849
29198443
29203205
29203896
29204820
29205574
29217224
29219633
29221833
29221834
29222816
29223933
29224583
29224723
29226484
29229052
29242103
29243119
29244638
29246489
29247748
29247796
29251949
29253783
29255008
29255885
29258849
29265830
29266586
29271284
29272791
29273230
29273534
29274503
29275589
29275843
29277658
29288686
29289371
29292133
29292135
29292136
29294337
29294387
29294431
29297153
29304386
29305161
29306056
29306697
29306709
29308983
29309953
29310911
29311746
29316485
29322687
29329062
29334837
29339309
29339313
29339474
29341344
29344686
29348040
29349794
29355105
29355766
29356006
29356166
29358097
29362830
29365284
29366339
29367059
29374356
29374914
29378280
29380291
29381374
29388508
29389047
29397562
29406267
29407469
29408323
29408479
29408525
29409998
29410078
29410293
29414129
29414459
29415163
29425573
29427182
29427289
29427365
29427393
29427850
29428581
29428788
29432802
29436054
29438845
29440386
29444207
29451300
29453522
29454934
29455946
29458188
29460351
29461079
29462339
29462655
29464518
29464819
29471100
29471719
29476914
29482170
29486321
29490484
29498761
29498776
29499492
29501857
29501874
29502144
29504651
29505953
29509290
29519852
29520882
29521161
29524623
29529405
29529406
29529407
29529408
29529413
29529523
29535037
29535043
29544725
29547816
29548807
29554643
29555429
29555561
29557086
29560910
29561238
29561239
29566227
29574232
29575563
29578027
29579370
29581536
29582512
29601954
29601981
29604366
29614912
29619759
29625429
29626342
29627273
29628069
29628271
29632168
29633906
29644521
29644568
29649561
29649797
29654477
29654876
29655043
29655195
29656245
29656269
29660944
29661516
29665711
29667212
29668395
29673116
29674194
29674271
29680475
29682814
29683406
29684132
29684536
29688872
29691941
29691943
29691946
29698054
29702432
29703998
29709625
29717508
29717652
29727768
29730041
29730044
29733956
29735557
29735686
29737489
29738911
29744797
29747140
29752216
29752588
29753107
29756354
29758392
29767303
29772378
29772380
29775858
29778804
29779670
29781630
29782993
29787449
29800417
29802593
29802860
29803001
29803959
29807151
29807153
29807267
29843584
29846310
29846531
29855796
29859335
29864521
29864592
29869536
29871712
29877767
29877768
29878254
29878280
29879562
29883624
29888833
29897026
29903632
29906456
29906489
29908310
29908937
29909585
29910121
29912297
29913388
29914992
29915363
29916789
29924294
29925474
29926265
29926283
29927305
29940238
29940261
29940339
29940399
29947037
29947610
29949456
29950316
29953942
29954702
29956403
29961363
29964023
29964187
29964348
29966617
29970289
29972267
29980493
29980494
29981291
29981752
29982083
29987025
30004852
30009477
30010366
30028059
30029026
30031933
30033392
30036793
30038007
30043118
30044019
30046833
30047755
30056196
30056570
30058341
30061413
30062613
30062852
30067969
30073554
30075215
30077432
30079586
30081041
30081195
30084706
30084980
30088476
30092347
30093351
30102429
30104337
30118388
30118565
30118871
30120839
30120854
30124792
30130641
30137255
30141188
30143454
30144336
30145172
30145207
30148747
30152573
30153469
30156457
30165271
30167644
30168869
30169751
30171168
30172004
30172005
30176368
30189339
30189904
30196871
30212727
30212786
30216766
30217542
30217551
30219291
30225805
30227155
30233003
30237034
30243035
30243195
30245249
30248364
30251766
30259698
30261368
30262338
30262887
30266003
30266022
30266438
30268845
30268937
30269148
30272125
30273714
30282742
30287300
30290286
30290974
30291441
30291860
30291975
30292808
30294823
30303447
30306244
30308570
30316743
30321093
30321614
30322482
30326205
30326472
30337638
30343131
30343134
30344017
30346407
30347011
30349971
30353344
30353970
30357662
30366150
30368823
30387895
30390401
30394220
30394323
30409236
30414041
30416114
30419259
30419983
30439509
30440458
30440776
30444176
30445892
30446435
30447186
30451340
30453032
30468777
30476625
30484373
30488820
30489152
30497840
30500402
30500612
30500664
30504281
30506458
30507735
30511111
30514816
30520271
30521814
30523574
30528586
30535262
30540154
30540702
30545601
30552572
30552906
30553572
30557760
30561724
30571975
30572112
30573810
30576563
30576960
30579926
30581042
30589141
30589482
30591402
30592972
30593684
30594423
30594569
30594682
30597677
30599191
30599452
30600091
30601693
30605004
30610842
30615898
30615922
30617213
30622047
30627901
30633429
30639923
30640144
30641339
30650392
30654713
30658120
30661524
30665007
30665009
30668484
30668668
30668674
30670257
30677503
30688485
30688832
30695553
30699438
30702203
30703519
30703521
30710345
30711709
30711710
30714198
30716688
30717610
30725232
30735285
30737306
30738100
30738550
30739061
30739618
30743020
30744538
30744715
30747588
30753324
30753332
30756349
30757958
30758048
30758079
30761601
30761664
30768406
30772426
30773729
30776100
30777001
30779256
30780118
30784353
30797948
30798009
30798010
30799848
30802462
30802472
30807881
30811613
30822448
30825590
30826253
30840149
30844595
30846366
30849407
30851221
30852644
30852803
30856138
30858162
30861143
30865285
30868401
30871971
30876765
30877054
30880661
30882909
30885785
30885789
30890024
30898654
30900798
30902640
30904514
30907618
30907717
30910728
30911182
30913967
30914383
30918091
30919798
30923933
30924264
30926140
30928690
30941844
30942564
30945592
30952359
30953669
30954707
30954710
30957359
30958354
30959385
30964611
30964615
30965131
30974241
30974320
30978498
30978499
30978625
30979647
30982259
30986634
30989667
30991253
30994080
30999034
30999087
30999293
31000587
31002014
31004690
31005575
31008647
31009844
31015068
31022364
31025493
31026475
31028560
31031203
31035283
31043485
31051294
31054350
31055054
31055646
31058425
31059350
31060042
31061489
31064610
31066992
31070785
31071348
31071496
31071554
31072215
31075391
31077842
31078635
31078833
31078935
31082658
31084645
31093956
31094211
31094654
31099141
31099984
31100293
31103018
31103548
31103786
31104963
31106452
31112784
31112989
31122340
31125472
31125938
31126803
31144614
31146540
31148298
31150692
31151372
31152181
31152753
31153052
31153765
31154020
31155875
31156078
31162336
31167940
31170004
31173426
31176108
31176467
31181421
31190662
31196432
31196444
31196934
31200127
31206840
31213656
31220613
31225733
31226548
31228596
31230462
31233317
31233906
31239219
31241496
31241756
31242356
31246041
31247298
31251891
31254598
31254800
31259601
31260599
31260788
31264389
31264943
31272104
31276684
31279324
31280349
31282419
31283482
31284027
31287601
31287922
31287937
31292887
31299368
31299446
31301757
31303489
31310452
31310861
31310906
31317655
31323259
31325495
31326440
31326509
31326572
31327721
31332015
31332515
31338936
31344374
31345781
31349014
31351162
31352028
31352467
31353921
31356111
31357097
31357162
31365285
31366446
31373756
31376287
31379120
31383343
31385912
31386919
31389253
31389264
31393233
31397551
31399924
31400052
31400483
31400529
31400532
31400735
31401238
31401540
31405923
31414860
31418336
31434424
31442514
31442554
31443867
31445390
31445881
31446128
31446728
31448928
31455572
31463714
31471037
31471679
31472251
31472416
31473276
31473292
31473349
31477195
31487478
31489723
31492567
31493413
31494048
31499047
31499435
31505454
31509248
31513808
31518935
31525499
31525588
31535886
31536804
31536931
31536947
31537169
31539685
31539829
31540825
31541675
31541926
31545966
31546049
31547673
31547934
31548088
31553928
31554096
31557444
31559561
31560099
31561167
31561251
31568818
31570775
31577959
31578601
31589298
31591520
31593709
31593794
31595737
31597159
31599629
31601424
31605399
31607424
31611042
31617639
31617822
31622796
31623459
31625764
31627112
31629196
31629830
31629945
31630051
31634753
31637983
31639508
31640452
31641900
31644994
31648199
31654759
31655968
31657138
31657792
31669300
31669410
31673774
31678499
31678750
31680600
31682958
31687920
31697986
31702428
31704494
31707312
31712764
31714192
31715256
31726067
31743804
31745689
31747561
31756399
31756407
31757518
31757619
31762397
31764389
31770471
31770551
31775531
31778781
31784119
31785587
31790350
31790752
31790835
31809726
31812031
31812714
31818770
31820608
31821868
31826945
31835079
31837376
31841986
31843658
31843709
31851554
31855701
31858985
31862526
31863619
31868249
31870934
31874448
31882274
31882373
31884056
31887310
31887423
31888419
31899285
31899288
31901418
31901984
31904390
31907095
31907881
31910918
31912155
31917204
31917324
31918237
31926178
31927054
31929167
31931000
31931027
31931156
31935518
31941394
31944557
31945875
31946770
31947405
31948671
31948836
31951084
31953029
31954737
31956027
31958654
31958997
31962230
31964221
31965595
31978492
31978745
31982482
31996330
32001192
32003523
32006947
32018217
32022387
32024421
32030471
32030842
32031282
32032447
32032623
32032715
32034069
32035163
32044436
32057995
32057996
32063231
32063560
32065988
32078820
32081615
32090389
32091959
32092492
32094202
32111343
32111578
32112961
32112962
32113920
32119912
32119985
32120012
32145661
32146357
32155474
32271707
32299789
32485705
32505630
32723234
32743999
32804125
33346413
33350991
7473398
7500143
7574458
7597162
7624341
7666172
7667258
7746407
7754376
8544662
8670685
8681898
8756449
8777906
8897359
8922425
8938120
9007554
9055804
9070990
9090589
9110978
9121584
9151747
9185675
9219178
9233007
9233013
9285718
9299385
9333238
9343598
9343600
9344822
9345475
9345493
9345507
9345510
9371924
9400854
9412517
9421177
9448260
9497433
9498591
9554428
9559925
9559944
9560155
9601659
9601698
9620697
9620699
9631468
9636124
9673666
9674573
9676436
9704268
9711279
9712010
9749610
9775518
9796959
9802236
9808462
9818316
9818938
9821359
9831446
9849600
9849722
9851491
9882088
9951219
