11352615
11496124
15701234
17986835
18370602
21606658
24051621
25088911
27165762
27856343
29760183
29771359
30154703
30658938
10943684
11037096
12202103
12639338
15491269
15860339
16839297
16989551
17055981
17536964
17583991
18313858
19446457
20056024
21130224
21864459
22766167
23373319
23419544
23917500
24341069
25277690
25571093
26011577
26162239
26516171
26736634
26737187
27109357
27167401
27466633
30019703
30630078
30698656
30794869
30825583
31919530
15590616
18234518
19398309
19559343
19620107
19739909
21356316
22840551
23416087
24093627
24927685
25017648
26776080
27375133
27424063
27889465
27979699
27989775
28151495
28735169
28735643
28947180
29601981
30846366
30885789
31112784
31492567
31837376
31855701
31882274
31962230
31978745
15312815
17280517
17826962
18178386
18434197
19482063
19524046
21531100
21968196
22166794
22353205
23017597
24882220
25479766
26411531
26817402
28215391
28454821
28729065
28779909
28793242
28927730
29628271
30097193
30419259
31260788
31689587
31917324
32711811
32859293
